242.97793912314995
182.92788217369224
221.71503738576573
145.88127048147214
227.30016051364365
246.91431824651295
266.4831395348837
307.9087947882736
230.69781757134862
250.0721011568469
358.77704815509696
191.0892552586697
287.492774156985
171.71725239616615
234.83378598587723
197.33556112503481
167.34881930184804
192.73949801849406
114.07013574660634
199.4965287420161
206.19324289736372
259.90946615299947
131.31625219794023
170.5023572551074
95.96855345911949
161.41689080150618
317.3059324288375
284.31255127153406
196.59580122242892
236.8039160045403
190.84896785994252
143.36860068259386
254.67454954954954
168.28676678945877
241.39259708737865
198.90074237008523
160.31009879253568
199.89199667682084
222.6247270742358
177.09548997772828
241.98668146503886
279.1614507165838
209.12053571428572
218.43558620689655
162.23777834655746
177.33013698630137
408.82231027125874
211.80878074583444
156.89717287965973
225.9177477228816
128.1220083246618
226.2535433070866
286.7968345323741
239.16844919786095
250.78680897646416
237.33969791963523
211.21907433380085
161.80901788027987
237.1139854486661
296.41349728338577
260.3070769230769
180.98862433862433
119.76522201542143
225.0576441102757
324.5169441141498
278.8049562682216
152.58417462482947
154.81774275546516
158.46862796146837
237.4059146820204
291.2868785656072
303.69877049180326
162.66115919223708
193.3019722814499
135.23168266801414
190.72269807280514
247.96550757150868
309.34040722684256
316.52751368481705
154.65350523771153
166.03787683586705
290.5775066944362
266.7257044278321
259.4788197487584
255.7117039586919
197.39679715302492
226.0343150499865
158.08356623812185
344.85021224984837
256.8357224770642
291.36424032351243
310.5042261731274
162.5832685832686
265.08763784097505
176.8959058067969
168.96316070475174
221.0084245998315
275.52863436123346
300.7943809817845
302.479696969697
339.4410895963243
167.72786121180735
259.33604414754575
254.78612400983337
175.34059352028314
162.32351321585904
236.4744248985115
216.86114160263446
285.68514285714286
177.7180037563724
168.959477124183
241.18093922651934
226.59708737864077
233.88055310385408
196.5079067274189
262.2319909245604
377.60282021151585
225.73217247097844
217.205
235.1790268019776
245.5690038953812
283.657601305412
257.01204093919324
148.85025724343353
303.2181095136127
167.69052020068656
310.5890203215044
206.7618531563262
149.67029627753863
222.46691072937202
148.3797300873247
521.188907014682
156.30399181166837
281.17934131736524
288.1595449500555
237.3063063063063
225.01211608903915
217.01846153846154
359.0994828110739
271.72086879953036
241.4883654937571
333.23344947735194
265.5804061470911
165.50273936864076
258.3708250071367
174.20643021178873
325.27505463627847
160.43862392494137
179.282625889797
159.1382743362832
236.43560705820386
156.02891692954785
326.55775678146904
219.28175895765472
199.6290918690602
218.67021873247336
170.44519015659955
168.07787100157316
203.98298969072164
286.022758812101
201.9720917380492
204.3262629081775
330.0037703016241
189.5391165513571
250.1821906582901
357.6309196455851
156.31912177687005
236.65026315789473
164.15187260395163
181.02878630705393
299.86025013594343
246.87113402061857
183.4456177402323
247.3538637011691
213.72690870261613
212.34170112226818
99.14091724314629
127.63680573329921
275.64554398148147
261.64580523334234
229.4618096357227
165.6592943654555
251.58528333803213
237.7908177125781
166.46457729786673
301.6809565470983
244.68534482758622
201.07208423326134
201.9436507936508
254.2880945168131
232.20951585976627
272.9692892658672
289.14137214137213
213.9320571582637
398.5519093078759
281.22851498189004
218.51670378619153
304.17105263157896
193.5425058854303
274.1231541642056
320.8529835687518
177.0339154644394
178.00194552529183
294.06306306306305
178.18685831622176
236.9026687598116
286.1499698249849
212.92275042444822
226.66549104720565
261.39695995323007
268.592323349811
178.1826544021025
221.7755873615987
257.2614168618267
134.24031830238727
256.4150055370986
288.2080497188517
290.83249016301295
168.78609062170705
126.86285567803128
144.49464138499587
167.02118863049097
392.2687074829932
179.98803759612645
107.79638838000524
296.28463051418936
240.48403707518023
322.79787234042556
104.48475
238.99717753316398
430.9094788174337
197.126871766948
259.7592059838895
283.7805486284289
261.5879104911363
384.75717305949865
390.4820035992801
279.6497816593886
292.9428736295441
148.33591989987485
271.7781201848998
220.5196131112305
349.54212091179386
298.2848901098901
172.8980595084088
242.70391061452514
200.00950423837656
240.6167794316644
142.5778295778296
274.95220810647305
255.1965763195435
247.75400331308668
364.71484375
102.20986093552465
273.543347639485
159.21633969363074
163.8935413245758
288.3813138686131
206.4191780821918
155.10918253079507
245.4400647948164
241.225271879855
147.53686200378073
228.6720190306274
177.77599557522123
316.5006795324816
347.1653225806452
345.76780005812265
233.890522875817
171.2474567650051
301.27188369935044
266.7393846936181
190.30253807106598
264.91756569847854
162.24382207578253
210.7462686567164
170.40856031128405
321.3623144501666
197.22201189832342
329.10583283223093
277.93113342898135
262.45481845481845
295.2452394691287
238.346059449141
235.1831550802139
181.24415793714746
195.91794310722102
207.45281409891984
211.18796372629842
147.98669623059868
154.9512
238.02048364153626
193.59972899729
266.43307086614175
201.32677165354332
361.34019975031214
83.66883604505632
342.78635851183765
233.4883284142742
258.7234859675037
206.17566478646253
329.2243392747388
219.47574421168687
223.00743801652894
152.8016465140211
242.4778925072809
440.06883365200764
149.38185710462938
247.00139120756816
274.0483417650365
253.29470960322024
225.73098629400698
339.31580547112463
285.88823031329383
255.08575458392102
137.78197353914
290.88408644400783
173.11411764705883
246.17287157287157
133.8390231092437
166.5363186670138
273.0394173093402
276.85008517887564
176.4443544030254
223.22729885057473
131.76618332470224
237.12958367797077
169.07046281851274
95.59798742138365
161.2003192338388
291.7308188265635
300.36740011580775
189.9296833064949
209.4922990758891
232.94151050539466
212.68212290502794
178.19281045751634
170.75896580483737
307.8905552010211
205.46528925619836
226.57063048683162
218.6155751238305
198.82502000533475
314.66
184.9264475743349
302.5782903663501
299.6232741617357
307.49473975636766
253.75592747559276
234.59002535925612
332.45402627070246
204.30431309904154
238.9159686571197
169.2169284003194
306.8967406190085
330.639551595286
230.86775925402657
295.0133664905191
252.21666666666667
210.76963906581742
113.5227841762644
218.06216505894963
172.5856
124.42185903983656
228.49823529411765
280.75531605010195
197.3996170678337
187.04175646551724
211.8972734783806
291.466763425254
300.38231057332183
241.0113277133825
201.14094955489614
202.41114499584143
134.37366083093806
134.77549961069298
324.9217844727694
137.25757575757575
184.04534478132547
173.50306435137895
282.52513966480444
316.25645488830867
242.74387784500144
167.61369716425895
312.2128651336234
181.6996402877698
312.8334828101644
315.28092859241843
313.5079020762318
160.18073227733058
301.8506063947078
124.91563212566506
314.92088607594934
244.0362461365552
332.4942016057092
281.2165725047081
315.57522624434387
222.2771444082519
266.04551686317524
126.3079140461216
204.69694373036276
294.3418427230047
236.34621755935947
155.19073569482288
157.21898227558606
240.23051409618574
406.135273425008
319.173180998196
186.31206620395088
162.21771888802286
140.90087299352294
280.1789082595027
187.07692307692307
143.33813333333333
148.7713284963723
262.4165961049958
222.4724992875463
257.08016032064126
209.1554491692481
269.0846877673225
108.0440110027507
187.2292696320703
221.85100523271825
215.35155412647373
283.661975960129
232.55662136957102
251.18736616702355
245.52921719955899
208.9311345646438
207.75339602925808
248.03431237990668
261.1836499712147
222.0303899082569
164.59122340425532
379.0626234132581
187.92315626611656
197.56280378613457
307.53568118628357
155.58296337402885
193.83693570451436
317.9788571428571
388.4948202315661
189.17026443604965
313.2275306061511
242.6732007840941
195.34469593673302
188.12343665035345
121.65314612584504
164.6261904761905
337.7511825922422
249.09904601571267
