425.4942753420832
360.88725241239206
400.9659374134589
310.9778169901689
413.25708935259496
433.6974096214062
454.5927325581395
502.5205803968019
407.4364857302742
442.75544794188863
560.1622889305817
362.0287094940307
471.084726551431
332.63844515441957
408.5081477457903
370.34976329713174
338.6894250513347
376.91228533685603
273.7923579688286
374.2346570397112
387.1901714870745
450.4969730324711
289.887716654107
335.35070717653224
235.75052410901466
323.5220548682087
525.5296621441872
490.9138638228056
378.9022056869519
405.80476730987516
370.49359811863076
299.9364662641113
437.7336711711712
336.6290733918957
403.9869538834951
363.42260104481716
321.04582875960483
368.5923566878981
396.9364082969432
345.25334075723833
408.3357380688124
463.62006434630007
385.7557773109244
397.9583448275862
340.81085231635524
345.9665753424658
623.7555623285583
392.404125892621
326.83137353014763
409.3466740270494
288.21644120707595
416.92493438320207
481.88
429.27326203208554
428.7424740010947
417.7224280421773
387.859747545582
327.2746825602488
423.69927243330636
484.12782384901345
443.51753846153844
356.0767195767196
264.8630683328902
397.427179058758
528.5900713436386
458.2755102040816
312.7530695770805
319.52033553634976
319.0666493100755
413.78434964668935
489.3920130399348
496.06206088992974
333.0500917912405
364.9445628997868
300.3812531581607
356.65524625267665
437.0888951205833
506.7381703470032
502.77067127628925
313.2825678216492
334.67096109250195
475.28979470395717
452.46089706728003
432.97399941571723
444.9007458405049
364.173487544484
406.3293704404215
308.32979318054777
542.0985445724682
446.3205275229358
480.7905834777585
499.90527542990384
331.54105154105156
451.4297736506094
347.92266523949695
336.58462359850506
400.93091828138165
453.0337738619677
468.8024081506638
487.67636363636365
520.7239908106334
334.51346452615223
451.2053441765902
447.60994263862335
335.68608766675743
322.7700991189427
429.5851150202977
401.3594950603732
463.84
339.9154816206064
332.5181699346405
415.2632596685083
399.86778983438035
402.0038246543101
371.960064325918
448.6341463414634
589.2920094007051
403.57296849087896
395.8676315789474
434.0470986208691
419.72509738452976
488.18547729127005
440.4289584587598
302.23287300297864
485.30315081064543
341.0205967784526
498.01728844404005
386.4031427797345
314.1205368447708
414.0492818924247
309.2942577401429
751.9269168026101
330.61642784032756
463.53413173652694
486.6484461709212
436.96041496041494
405.2879684418146
396.965034965035
545.6391846668695
446.40974464338126
419.3294551645857
523.9268292682926
454.20005488474203
323.7727628489434
430.30459606051954
353.0637917836183
509.0287230721199
317.8634349752411
345.7674663854469
317.50221238938053
421.10323939952593
318.37197686645635
511.6909478817434
388.54343105320305
384.33949313621963
402.20050476724623
330.1040268456376
337.2115888830624
395.28994845360825
471.4929225645296
374.82978723404256
374.1920178621267
535.3996519721578
362.32517296434276
433.70527178366564
561.5245951726245
317.5302527444473
428.78973684210524
313.0038336773813
340.83220954356847
494.5481239804241
414.54542525773195
350.32048574445616
437.41089250071286
400.5272290443139
372.2253396337862
239.85959518319243
281.9541847965191
464.52633101851853
463.3110331804694
399.3322561692127
325.5539757767246
431.8677755850014
416.81608258625374
326.0963918883329
496.8670166229221
407.01522988505747
374.3390928725702
381.88544973544975
427.50681611632837
419.0553700612131
463.70371453641417
465.2940302940303
386.8641143165274
604.9215393794749
441.51103062232465
391.79844097995544
493.2808924485126
373.9393146743395
450.1901949202599
520.52752954742
351.9774740572007
345.3866036687048
486.4384384384384
347.43403490759755
429.3048142333857
468.87688593844297
379.51528013582345
407.540423223006
436.92399883075126
448.08752544344287
346.665703022339
391.11909262759923
447.00204918032784
288.2819628647215
451.7707641196013
472.0133175495709
482.48482293423274
334.2299789251844
284.99436042040503
299.7636713382797
344.3392764857881
600.0525664811379
337.50612361150667
249.48128762104162
481.2857544254004
421.54969104016476
512.438986232791
251.287
408.73468811741463
644.1478207863456
376.79036210182414
448.9994246260069
472.8966472707121
448.73670444638185
595.7867713681667
594.9478104379124
457.730422125182
478.6878245816503
307.457071339174
441.2591679506934
405.18941429339066
548.6395771390816
507.5760989010989
347.819404915912
425.8033519553073
378.21063447212947
424.7001353179973
301.3708883708884
444.7870538415003
440.15920114122684
436.65875207067916
566.3935546875
251.21946902654867
459.4909871244635
317.6369255576458
317.39408866995075
468.4756204379562
385.95616438356166
309.44960806270996
427.2626889848812
433.22863801139306
301.1336753983257
402.02289622360985
333.8866150442478
529.6629518891003
556.6468894009216
546.4199360650973
418.94989106753815
343.3692777212614
489.2681719764924
476.6048817696415
370.1984771573604
443.1302904564315
318.4225700164745
380.5033167495854
336.2407263294423
505.1102696152681
372.51406165494865
530.9380637402285
467.7991391678623
454.3019383019383
491.031448355453
412.65230433596946
419.45935828877003
349.34730056406124
369.30415754923416
369.5380898237635
385.3396537510305
299.43348115299335
311.7581333333333
416.5749644381223
360.7972899728997
446.2415635545557
362.6290776152981
553.5053058676655
220.94893617021276
546.3396279594137
419.66380466863427
424.09512555391433
380.689497716895
503.539950829748
402.40022050716647
417.6380165289256
321.0046308206843
432.4355308445856
649.2676864244742
301.5603425207386
434.53728436282694
466.02810567734684
424.2412305922944
405.28164471916153
536.8355623100304
474.72142252328536
436.41382228490835
286.15628445424477
484.93292169520066
330.0179411764706
419.004329004329
288.51339285714283
335.34860713355897
458.2199371608112
477.54315729699033
342.5029713668287
398.9471264367816
286.8441222164682
411.8781362007168
340.6492459698388
240.8040251572327
323.59138068635275
459.50515796260476
485.17892298784017
359.72517444981213
375.99299915989917
420.29358319136855
384.9824022346369
344.29983660130716
326.6597164303586
492.22431397574985
384.4479338842975
407.49933492950254
405.6854705558613
383.9823953054148
497.1351515151515
355.1528429838289
503.5717774762551
492.89292758523527
505.68992248062017
442.92719665271966
406.34629473091013
540.4825813820673
382.8511714589989
435.43555795730884
331.9055097151983
513.5697069296083
538.2276516240299
402.59225769991525
483.1753186198321
422.5623563218391
390.5875796178344
267.5555833750626
396.88156484458733
343.44266666666664
273.34831460674155
401.4788235294118
465.93300320419456
370.125
347.5762392241379
386.61883778573394
483.8211901306241
506.1763180639585
426.83693361433086
365.3228486646884
381.1427779317993
286.7376535145022
291.0410070075266
531.295191193511
297.18364681295714
358.2213576603166
346.914708886619
480.51675977653633
522.9167391935016
423.22039757994816
332.6548956661316
497.87259167184584
352.76310380267216
505.01644245142
513.2976785189538
503.2063836380539
327.5022072189042
497.6273428886439
281.84621231314924
500.6623417721519
419.60016858668166
528.3797204876598
482.36750067258544
523.5455316742082
400.85369163952225
458.0978886756238
276.166142557652
373.5364181662382
475.98151408450707
425.18056322473774
307.81226158038146
303.07432818753574
429.88253178551685
614.1109689798529
506.28442573662056
359.17512012813665
334.0948298259288
299.8276541819206
478.07002000571595
347.36239933351845
297.2696
308.11508631473606
460.5983629692351
382.97406668566543
433.9524763813341
384.3722894959166
459.3977758768178
257.4973743435859
351.72570016474464
405.4031947122005
391.8102893890675
483.28202873057757
411.31414868105514
437.33217344753746
440.1364388092613
388.9802110817942
383.8615464994775
434.4304144935493
445.97092688543466
387.66628440366975
319.6877659574468
600.9314527503526
362.90020629190303
383.64748017395755
497.4782205746061
315.67119866814653
359.93980848153217
528.5228571428571
604.7632541133455
366.91068537506743
503.43535383696627
419.88322598711846
369.19307335696755
353.67808591625885
266.7704108164327
328.9846560846561
512.6631977294229
430.9691358024691
