305.9952606635071
205.35071090047393
283.92417061611377
163.95260663507108
278.3270142180095
325.6350710900474
363.38862559241704
407.90047393364927
305.957345971564
302.13744075829385
489.6492890995261
262.6350710900474
350.4454976303318
219.60189573459715
288.3744075829384
287.33175355450237
192.82464454976304
232.91943127962085
129.1042654028436
265.8388625592417
237.20853080568722
317.25118483412325
146.65876777251185
210.92417061611374
129.70142180094786
220.87203791469193
374.86729857819904
365.3744075829384
247.39810426540285
315.77251184834125
224.70142180094786
179.3222748815166
349.5118483412322
276.1563981042654
326.62085308056874
275.8483412322275
210.09004739336493
279.2132701421801
295.0473933649289
238.59715639810426
313.7914691943128
384.22748815165875
256.9478672985782
282.39336492890993
185.89099526066352
233.478672985782
516.9668246445498
263.4739336492891
174.56398104265404
287.77725118483414
159.90995260663507
268.7203791469194
380.6018957345972
286.2748815165877
314.06161137440756
321.02843601895734
295.9905213270142
191.55924170616115
304.5308056872038
375.2748815165877
383.8957345971564
224.0521327014218
163.48815165876778
300.8056872037915
420.86255924170615
368.82464454976304
218.35071090047393
178.75355450236967
198.58767772511848
279.0568720379147
352.07109004739334
378.1232227488152
198.25118483412322
248.12322274881515
152.13744075829385
243.33175355450237
319.0473933649289
410.5687203791469
382.5734597156398
199.6350710900474
192.35545023696682
372.09004739336496
374.02369668246445
350.02843601895734
344.62085308056874
319.5165876777251
292.0521327014218
242.99052132701422
441.7582938388626
342.8815165876777
366.5971563981043
395.3507109004739
189.59241706161137
362.39336492890993
223.64928909952607
212.82464454976304
291.2701421800948
375.7345971563981
380.0805687203791
397.5876777251185
471.1469194312796
196.92890995260663
354.23222748815164
306.6872037914692
236.30331753554503
229.9952606635071
287.1706161137441
273.8341232227488
367.4028436018957
230.86729857819904
202.9478672985782
305.8056872037915
291.7962085308057
332.22274881516586
241.29383886255926
343.39336492890993
465.66350710900474
294.3554502369668
260.2748815165877
269.98104265402844
315.2464454976303
354.1563981042654
362.71090047393363
196.28909952606634
393.4312796208531
201.34123222748815
431.6398104265403
266.90047393364927
170.64928909952607
300.6919431279621
185.36966824644549
601.6398104265403
180.91469194312796
388.3127962085308
350.25592417061614
309.74881516587675
291.8909952606635
287.4312796208531
460.8293838862559
360.87203791469193
326.60663507109007
403.2464454976303
328.09478672985784
200.55450236966826
333.77725118483414
198.0521327014218
421.8293838862559
196.60663507109004
217.5734597156398
239.2559241706161
282.90521327014216
193.45971563981044
420.7962085308057
290.9431279620853
234.55450236966826
295.46445497630333
239.61611374407582
199.96208530805688
232.87203791469193
341.4265402843602
267.74407582938386
269.8483412322275
409.5924170616114
230.6824644549763
327.93364928909955
445.07582938388623
179.99052132701422
282.1563981042654
263.6303317535545
219.9952606635071
364.49289099526067
397.74407582938386
219.9004739336493
328.54502369668245
262.3601895734597
317.1516587677725
122.03317535545024
150.20853080568722
362.8957345971564
311.1184834123223
344.22274881516586
213.60189573459715
324.3696682464455
306.8483412322275
204.7867298578199
398.33175355450237
320.91469194312793
253.9383886255924
239.71563981042655
364.07109004739334
298.09952606635073
374.0805687203791
380.8009478672986
274.50710900473933
484.92417061611377
403.09478672985784
279.7251184834123
384.0521327014218
233.86255924170615
357.8909952606635
391.8436018957346
199.38388625592418
240.8388625592417
396.6919431279621
212.38388625592418
270.54502369668245
409.07109004739334
293.01895734597156
289.4834123222749
379.4265402843602
347.5592417061611
218.35071090047393
275.25118483412325
360.1563981042654
169.60189573459715
327.38862559241704
401.9478672985782
365.53554502369667
200.56398104265404
149.03791469194312
209.781990521327
195.59241706161137
491.8957345971564
300.70616113744074
146.2132701421801
378.3080568720379
275.3554502369668
425.0379146919431
118.40758293838863
317.0379146919431
527.3270142180095
262.61611374407585
338.50710900473933
340.86729857819904
375.01421800947867
477.28909952606637
483.60663507109007
370.9526066350711
379.7630331753555
165.43601895734596
360.1137440758294
277.7914691943128
453.1706161137441
354.4123222748815
200.70616113744074
315.69668246445497
229.781990521327
305.33649289099526
170.58767772511848
386.9620853080569
334.4123222748815
311.4075829383886
495.92890995260666
117.13744075829383
363.2132701421801
220.4834123222749
222.0568720379147
370.4265402843602
264.29383886255926
234.19431279620852
300.1611374407583
280.5118483412322
205.24644549763033
346.39336492890993
238.87203791469193
358.1137440758294
427.3080568720379
432.8388625592417
291.22748815165875
194.1042654028436
406.6729857819905
298.9620853080569
216.87203791469193
333.70616113744074
232.07109004739337
282.77251184834125
202.80568720379148
393.4881516587678
248.98104265402844
405.8530805687204
372.5545023696682
338.39336492890993
384.97630331753555
293.5592417061611
286.90047393364927
224.2559241706161
252.46445497630333
298.2417061611374
265.90995260663504
213.27014218009478
199.5260663507109
325.4265402843602
261.9905213270142
353.5308056872038
265.0473933649289
429.8341232227488
96.0
417.7630331753555
278.06161137440756
352.3601895734597
256.8341232227488
409.3554502369668
274.0047393364929
303.2037914691943
178.49289099526067
283.8862559241706
546.739336492891
200.80568720379148
307.6729857819905
343.45497630331755
352.6445497630332
285.49763033175356
435.45497630331755
327.5687203791469
327.478672985782
197.90995260663507
387.3981042654028
290.6492890995261
339.90521327014216
171.39810426540285
200.07109004739337
356.38862559241704
344.5781990521327
226.22748815165878
331.01421800947867
161.34597156398104
289.65876777251185
197.06635071090048
108.22274881516587
198.85308056872037
396.87203791469193
374.98578199052133
236.7867298578199
280.86255924170615
308.2796208530806
296.09952606635073
236.18009478672985
238.70142180094786
459.37914691943126
269.7251184834123
280.50236966824644
277.6350710900474
247.53554502369667
411.98578199052133
217.6777251184834
351.1469194312796
386.1042654028436
363.1943127962085
321.81516587677726
304.7630331753555
415.7582938388626
258.4739336492891
309.14218009478674
213.97156398104266
374.25592417061614
425.82464454976304
322.2654028436019
418.09478672985784
344.4691943127962
254.28436018957345
127.40284360189574
268.7345971563981
213.62559241706163
147.0047393364929
339.3981042654028
397.7156398104265
263.49289099526067
251.1563981042654
270.33649289099526
378.01895734597156
393.8767772511848
290.2369668246445
325.2369668246445
263.8483412322275
165.4218009478673
160.32701421800948
414.9431279620853
172.2132701421801
243.2132701421801
202.01421800947867
346.41706161137444
406.7535545023697
330.8388625592417
214.8009478672986
412.9905213270142
207.29383886255926
409.81042654028437
401.6398104265403
441.5592417061611
195.32701421800948
367.61611374407585
142.0521327014218
444.5687203791469
311.3601895734597
421.7630331753555
338.18957345971563
381.58293838862556
278.2701421800948
328.4739336492891
155.59715639810426
303.60663507109007
393.4123222748815
307.0
217.7440758293839
276.4834123222749
304.45971563981044
487.73933649289097
394.7582938388626
229.29383886255926
197.02843601895734
227.97156398104266
358.2037914691943
250.02843601895734
188.65402843601896
165.66350710900474
340.81516587677726
310.5781990521327
329.29383886255926
277.5924170616114
348.3507109004739
120.93838862559242
252.6398104265403
286.25592417061614
269.1232227488152
384.4218009478673
274.49289099526067
313.30331753554503
303.7345971563981
251.53080568720378
244.14691943127963
307.97630331753555
354.3744075829384
323.0047393364929
217.88625592417063
443.5971563981043
220.50710900473933
221.54976303317537
419.08530805687207
221.9004739336493
267.98578199052133
394.8483412322275
496.26066350710903
237.28436018957345
421.2701421800948
313.8767772511848
247.65402843601896
239.72037914691944
151.76777251184834
203.6824644549763
440.54028436018956
318.5781990521327
