-1521.6330432000946
-1010.3984704287684
-986.8877571432453
-865.2872008984567
-1199.4979377881623
-1323.878126041951
-1124.6521329014297
-1398.5054558821323
-903.1297082019977
-1263.697016500399
-1664.7278729040684
-915.2746033532675
-937.0568565875801
-774.6656258626881
-1243.8057414978905
-1409.5751990419037
-1019.4892580595542
-1243.5266475325675
-870.4132201925866
-957.7475853261908
-1490.776455227892
-1407.8993571193266
-845.3302221845554
-1509.753945459841
-1042.7066087056949
-1085.2267014055456
-1989.5059270922552
-1661.7366654228124
-1222.9090574912689
-1076.9277595097712
-960.7731938206202
-682.6009109687429
-1318.3445478394744
-1092.4241946706566
-1164.781160430875
-1286.848610552869
-661.4574267905039
-804.1674898796334
-1141.7635242370811
-921.7291755630251
-1384.9912329498413
-1928.5793336870115
-1181.2730232381741
-1163.8591739178826
-981.3249326319769
-1249.522003417963
-2010.474356194522
-1339.0950013130605
-1413.9261547609244
-1211.0881775569515
-1088.42069216791
-1848.0316775653976
-1337.1482602058506
-1484.4626325650422
-979.585956530469
-1428.6143207947775
-1197.618347625875
-990.794377154339
-1410.7823795137572
-1589.5585484821133
-1085.6247355513822
-1336.9271438849287
-694.0944292682095
-975.3725878073174
-1427.8595715191504
-1570.9322790702038
-1139.017735698318
-1096.8249442832282
-988.8283816276987
-1257.8044736902064
-1545.1836098709193
-1355.3436197535652
-1080.1974730936636
-1098.0126007356969
-889.9054719457102
-916.9082422085928
-1196.364683263106
-1879.9926631649942
-1541.5198897493517
-789.5688062673124
-1003.2478490747342
-1289.3716189194004
-1195.6260671679145
-869.4855414052442
-1127.5007092945204
-1141.698867386323
-1507.826827228491
-748.3150148084287
-1327.4053722312683
-1283.5022557757907
-1607.6048699159717
-1868.9107969073552
-1224.5321571305258
-1224.6603094200977
-971.314107875231
-853.5127675507174
-975.3362575297904
-1427.5783252391789
-1395.0439970615644
-1613.2565545174218
-1154.3031541926186
-1307.0747300711391
-1245.7818704325468
-1050.6259263056609
-914.1726224788798
-980.7572790474238
-1520.0546393974219
-1156.5739294460334
-1785.6417584690444
-1220.650446053913
-848.2887061868688
-1270.2239509292838
-1095.538467865095
-1000.4608686422087
-972.3675594185145
-1158.752091240036
-1837.4584372080428
-1709.1500208253017
-1413.6372410425238
-1421.001514816112
-1019.0239740409266
-1988.0031073831426
-1211.005993580352
-703.4172714696168
-1089.8699642853535
-1099.051188927704
-1275.5153941279568
-1089.749068733251
-1281.9208889146494
-977.959150035096
-755.1771418674122
-2500.510998315658
-1280.9367591578134
-910.6948761520929
-1200.068370080624
-1301.7456237615922
-986.4773163158142
-916.5154085247043
-1128.7531887667278
-1092.1803576765506
-1375.8889456829568
-1218.2425968560717
-1133.0740507900218
-1087.4416608172749
-1132.117962336925
-1582.2225724680472
-1502.132638733298
-865.5768269266167
-1042.6504190108046
-892.9081420682547
-1341.9550655472478
-812.6078468938861
-1413.1809943257654
-949.1066880854382
-1692.3518232420981
-1105.3274746373806
-778.0241262602729
-1088.374665996043
-1175.9929160496072
-1037.774279991798
-958.6621011481541
-892.3374462825391
-1557.6607301939146
-962.9230106447103
-1491.3615091068466
-1658.5076667203552
-1307.7724287878725
-1304.094461995237
-810.9924190557022
-709.9641531684457
-2184.09331884389
-1156.4002350278097
-832.065041817213
-1332.6930063813145
-1429.6320711220471
-1081.6393757414114
-947.5985424498945
-1056.9451881294538
-1252.626863524027
-1621.0396376566696
-1159.272454898915
-1258.1461258597724
-1117.4181580631912
-1192.6190439950462
-1532.7084791154487
-1704.3414651384658
-1210.9751440531459
-1189.5495086438298
-1195.27092284144
-1179.8814088049212
-913.8051030529239
-1383.7497108955226
-1358.694576609127
-911.0844616700682
-1413.611510007221
-1829.9555801778256
-797.2576322248435
-1569.7263934746384
-1166.343895235506
-1259.46558917101
-1772.0944833506423
-1136.4494035216976
-733.4847083038809
-1520.9715759123956
-779.700501183807
-1395.9362907341015
-1640.865619380868
-752.6777135064103
-1329.8486657775875
-1655.7703104931747
-1121.6234724606802
-913.1538448329775
-898.3562200539338
-1108.9763884172407
-895.645661139385
-1513.4093270493433
-1352.229666778403
-1373.9344818574787
-901.9563859824474
-1301.102133501818
-714.2630788206503
-857.2922997895483
-2146.4396001035025
-799.4721705000861
-897.8835861151932
-1360.764427685247
-988.1132135839208
-2157.0306839877862
-865.4829861121638
-896.3494320647586
-2031.1377273218338
-1161.8414469103004
-1380.642542813672
-1122.730115712426
-1321.3850754811472
-1637.4191036155914
-1405.2618502773064
-959.554454356954
-1243.810517219297
-1249.9969554020715
-968.9729219459717
-1099.24665632241
-1800.7462315157024
-1982.3032571954966
-1033.933125557048
-1011.1250110592719
-1287.3796132768125
-1425.3989173058346
-893.9577284878347
-1384.450596377036
-1615.736274926165
-1581.6456559189137
-1443.5689408302715
-784.4987698662654
-1121.4234070891985
-936.6915292017588
-854.7679203115869
-973.5833115133937
-1201.2414435630797
-777.6059149560606
-1500.2464739194584
-1638.4792458051827
-760.3177121530136
-1225.8130312020282
-844.081284265247
-1459.6824513524166
-2670.2739617745674
-1472.455052285933
-1468.2735164024236
-989.5915293272556
-1244.458427502072
-2184.3815613945335
-1064.2557195805275
-1955.5611681635105
-994.0171389695693
-964.2995975368357
-999.3675936790289
-1538.7829629148337
-951.8782478639895
-1037.5963336863426
-1196.719327424314
-1662.8836423278162
-1354.914671413183
-1028.5285118109293
-1223.341666902102
-926.0611323353326
-898.0912775724687
-796.7865225827995
-1062.2715902796624
-925.9104854959693
-979.5810546730771
-1251.1891256306594
-1214.369920292996
-1423.1927480505183
-1018.9244197513146
-1502.2922061619454
-922.8120689051299
-1258.378910259947
-1125.1725066753202
-1471.6946480062104
-1590.4843977550877
-1282.7559479807305
-1030.0379386814977
-1430.557528311951
-1203.8130456625743
-1372.681213446512
-1607.8940538218687
-956.3383604508426
-1232.7725172269552
-1143.9180524853368
-1692.143529510418
-1054.6164779072528
-1765.337434635272
-1163.774922096704
-1064.7876585740871
-911.4997169704233
-1665.2252504349037
-771.254189929526
-1148.7439240059907
-843.5526000200142
-754.5482173915915
-1524.513527182613
-1371.8985206156215
-739.8599056095103
-1160.2009066826226
-1309.019060193835
-1109.4783206272073
-1206.8801441453134
-722.3109719304301
-1324.8520939105842
-1189.2134053760876
-1865.0375454721475
-1037.6138927284296
-1100.2439861895398
-1442.0199740309868
-1087.4046023773662
-837.8209721852749
-832.7921418110028
-1249.7274470604161
-1261.8314301670723
-1491.5821192940512
-860.6505710189259
-1580.8136066643508
-1489.6743842672295
-1138.9303356607888
-1719.8520339217362
-986.4552489013464
-1695.0056344992508
-896.3033674782994
-1220.4385263773468
-1895.614796943619
-1489.7312243975305
-1522.4081780953477
-1041.9266197291006
-1789.0343279345934
-1445.7725933238935
-1326.0384095538423
-1078.9913535036278
-770.7944276355271
-1457.6410015367562
-912.5052050988972
-1047.2073778593178
-910.0137202229931
-1037.665993186063
-1732.925277189995
-1368.9980532371594
-967.4411414318184
-1523.7298040743333
-1096.6088299978735
-1185.7779009973215
-1474.601998273691
-1071.7606311256573
-976.1016722080445
-908.4614259576211
-1143.7718808474383
-824.4909840900807
-1269.210167522962
-1308.9193116956856
-1306.4877181899026
-1119.1945407874389
-1473.303554075604
-1568.8007079038523
-1371.1631601654237
-1236.9512381702348
-1798.971634296097
-1224.9070750861645
-1307.1285652137763
-1412.490491947452
-1291.7999011505567
-1453.4652498309335
-1545.4771141445933
-953.924962615539
-1078.921031749199
-1055.7619639629143
-1498.6534205662383
-1445.651830716097
-1302.415196872251
-1204.5429675979449
-1173.1893951558043
-750.609742879699
-1614.1408926291842
-1883.2551944620323
-1180.2245013137117
-714.2066225802515
-1236.2346328706506
-1401.2785146155059
-1518.7845120263262
-1395.9872873767379
-1426.2748349756253
-1050.836301860251
-1046.1353154126994
-1158.7606160663643
-1017.4536224114653
-951.554684920638
-1096.622816316604
-1211.42840622896
-976.4609910859856
-1149.5413303132648
-925.9005088399596
-1375.5812668813958
-1294.294201498595
-862.8207859174145
-1173.243183454153
-1001.7366844069977
-1311.1184997059754
-1322.6467578113022
-1229.7125216007319
-1401.7849961374977
-1132.1145468137934
-953.6237932391335
-1558.4481317709763
-1427.9636967677302
-798.5344742079316
-715.079525228365
-2040.2529337240896
-1460.1756303053478
-1054.5872676220984
-1344.4150542369553
-932.0962692900969
-1320.3771998571112
-1782.5996531596252
-1893.2334060373405
-1240.9602939612491
-1374.2217636870428
-1035.5960302479189
-1080.540581046331
-946.3329037380225
-1109.5673254030244
-1143.1215938239422
-1285.470361776045
-1272.9371304667438
-1865.1104232112584
-1573.2979851927053
-1846.6885061342766
-1054.0803385420068
-1278.4268181961922
-1304.9736769084313
-855.3105456608968
-1320.2354363796792
-1479.0700905486437
-988.175154198033
-970.5443523432782
-1122.1181740690513
-1598.8281309980114
-1215.9365118366738
-1431.489397636921
-761.6215266201672
-702.7439664768788
-1057.73075256623
-1369.0559858993595
-1299.3534106100374
-1654.3711526130603
-1524.0710551647046
-876.7422844538328
-1327.7348936366468
-932.8028629766765
-1309.978190356811
-1641.874012746599
-1116.2151255514339
-1108.2086661328037
-1182.3391316751859
-1857.1047226728592
-814.1377006224463
-906.0430536240749
-1209.6356273825065
-1205.1042288770573
-1685.4741068702558
-1414.3765474503716
-942.0454960728875
-966.5119692730551
-1142.7099070036616
-1316.3270454607198
-906.68364018442
-893.3874219934862
-1176.0598689726344
-917.9710552078283
-1660.456822993461
-621.4959249991715
-1022.3551415495301
-1683.2859182635189
