327.6003025718608
121.83215903371918
193.86402027027026
113.2461456671983
167.96110484780158
210.40155997848305
226.09274082252279
171.5667870036101
293.997364568082
179.05411703780425
99.18671045982819
224.80495603517187
127.39584415584416
67.5233808452113
172.52239939255884
159.4302738336714
151.0768076057043
115.19400352733686
83.44775
92.97549387346837
68.99749937484371
85.84240903387703
99.93720290217664
63.14975
45.365
57.54493116395494
67.65825
80.34843554443054
49.1435
77.0455
76.01675418854714
51.5705
40.99125
60.67
46.40975
57.27575
45.468468468468465
50.992248062015506
47.67525
45.9015
49.54913728432108
50.82275
42.4495
36.42925
50.9835
60.584170854271356
41.53459595959596
50.46223111555778
49.61975
37.13389656938044
45.79864932466233
44.39
57.839459864966244
41.63825
46.3005
53.56753376688344
46.62975
44.757
44.126912465512916
39.3935
38.35775
41.458364591147784
41.43596798399199
41.575537768884445
40.903557114228455
41.04752376188094
33.89597399349837
34.5215
33.42535633908477
41.37825
38.4706176544136
37.76725
41.57825
39.39325
35.96623311655828
32.94525
37.21115836877658
39.13325
36.1855927963982
32.5395
35.90175
35.414
34.60325
35.696946946946944
32.37975
32.866
31.62575
31.72625
31.50675
32.26425
34.543135783945985
32.38669334667334
31.137
35.71
30.63
35.914
30.06725
32.20719820044989
32.414
28.598
29.504376094023506
28.6875
77.84367183591796
42.72497497497498
33.2375
35.59975
30.193298324581146
27.06875
30.5205
29.724
33.46138465383654
28.662
30.158960259935018
27.0365
31.583
28.168207948012995
28.47273636818409
26.88825
28.78419604901225
27.9105
27.158869151863897
27.254313578394598
26.02375
21.573680260195147
27.9312671832042
26.04798800299925
30.232
28.526118470382404
24.745063734066484
26.978473091364204
24.98098098098098
23.87475
26.80325
26.667333666833418
25.39475
21.891972993248313
26.286178455386153
27.1195
26.961990497624406
24.222944263934018
24.89375
26.455
23.965456821026283
22.5343664083979
25.62025
24.01350337584396
24.191
22.877530617345663
29.90925
23.90275
23.608804402201102
26.557610597350664
22.775193798449614
27.4455
23.7135
24.047
25.21625
24.11675
24.984
25.626343414146465
24.350587646911727
25.912206103051524
21.599799899949975
24.66008497875531
23.892
23.730932733183295
25.076730817295676
24.74475
24.491
22.921269682579354
24.5305
23.358160459885028
23.1425
23.2675
22.42189452636841
24.6095
24.829457364341085
24.24775
23.891777055736068
23.625812906453227
26.09852463115779
23.1925
23.48025
23.13075
23.040270135067534
21.602650662665667
23.808547863034242
23.554888722180547
21.60865216304076
24.9595
22.73461730865433
23.5635
22.712928232058015
23.4365
22.27525
23.740685171292824
23.21969507623094
24.44861215303826
25.8045
24.80875
22.45075
20.97974493623406
26.349023535302955
20.838
22.70967741935484
22.864932466233117
21.197
22.180590295147574
21.9887471867967
24.61725
22.70475
20.321330332583145
22.27125
22.39634908727182
21.52936765808548
21.02100525131283
21.81031031031031
21.5015
20.18275
21.6805
20.648912228057014
20.470617654413605
20.7895
19.97474368592148
20.197200699825043
20.364
21.9945
22.009
19.72975
18.80975
20.848037990502373
19.74581354661335
20.62415603900975
20.596548274137067
22.31225
20.32007007007007
18.912978244561142
21.060015003750937
19.7615
20.967
19.88991743807856
19.91047761940485
19.92075
20.367341835458866
19.78925
21.545613596600848
21.354
20.736815796050987
21.90172543135784
20.676
21.607151787946986
21.037990502374406
21.04375
18.64523392544408
19.60984753811547
19.773556610847287
20.78433825369027
21.83375
20.1615
20.694
20.904428321240932
19.46525
20.73425
20.411
20.16875
20.343164208947762
19.263131565782892
19.788802799300175
22.113556778389196
20.20130032508127
21.96075
20.044488877780555
22.793698424606152
19.88825
20.294176455886028
21.751812046988253
19.4805
19.973
18.793551612096977
19.633
19.830957739434858
21.63925
22.056264066016503
20.99925
20.91327168207948
20.92896448224112
21.092226943264183
21.603
21.827293176705822
20.14807403701851
20.79975
19.84621155288822
20.9655
20.94025
20.98475
20.8365
20.63890972743186
20.996500874781304
19.55261184703824
20.90895447723862
20.26088044022011
19.748998998999
21.301376720901125
20.129847385539154
21.114
18.8635
18.94025
19.491868901676256
19.645645645645647
19.001500750375186
19.02999250187453
20.88575
19.017754438609654
21.894276430892276
19.361
18.82425
19.07973006748313
19.242939265183704
19.56675
23.518629657414355
19.760070052539405
19.26975
19.208
19.769384692346172
18.512
21.97775
20.08129064532266
19.678669667416855
22.8145
20.52838209552388
21.648824412206103
19.91025
20.5445
20.7165
18.16775
20.538634658664666
19.417563172379285
22.080979755061236
20.340755566675007
19.3165
20.29789894947474
19.693326668332915
21.05
18.786553361659585
19.22125
20.58414603650913
19.189547386846712
19.77075
19.8490990990991
18.77063531765883
24.261565391347837
20.0365
21.029
20.4145
19.708604302151077
20.40725
19.441889527618095
20.173
20.41125
18.971757060734816
20.598
19.563781890945474
19.45775
20.814203550887722
21.79975
18.776444111027757
20.531015507753878
21.500125093820365
20.04925
17.770807298175455
20.4765
20.750125062531264
22.54811297175706
19.979
21.72675
20.87718859429715
19.753688422105526
19.81975
20.33375
19.10577644411103
20.724818795301175
18.856714178544635
20.051538653990495
18.87543771885943
19.7545
20.4655
21.538634658664666
19.912478119529883
20.2615
20.9715
19.67875
20.14125
20.62925
20.12275
20.6375
19.29032258064516
20.749562609347663
19.088022005501376
19.14610958218664
19.48925
19.149111833875406
18.459073842302878
20.196348174087042
19.8685
18.792
19.31275
21.33191595797899
18.266316579144785
18.088272068017005
19.24775
18.245938515371158
19.70935467733867
18.73043260815204
18.54263565891473
19.36675
18.84446111527882
19.59209209209209
19.191797949487373
18.746813296675832
18.2085
18.04525
18.41364658835291
18.615307653826914
17.84617308654327
19.211302825706426
18.05051262815704
18.8305
18.2885
17.864
18.786946736684172
19.48825
17.90825
19.85792896448224
18.686078480379905
18.67425
18.492376905773558
18.58825
17.7415
18.68175
19.223223223223222
17.876938469234616
18.30775
18.007998000499875
19.459885028742814
18.365591397849464
18.8915
17.9595
18.74118529632408
18.7325
18.1392848212053
18.79405148712822
