-90252.0
-29062.0
-58655.0
-32222.0
-54899.0
-56603.0
-63311.0
-43003.0
-77594.0
-43986.0
-23898.0
-58205.0
-33331.0
-16104.0
-41287.0
-38013.0
-35629.0
-27496.0
-19776.0
-22025.0
-16290.0
-20478.0
-23678.0
-15018.0
-10944.0
-13790.0
-16114.0
-19007.0
-11691.0
-18278.0
-17954.0
-12416.0
-9912.0
-14444.0
-11222.0
-13627.0
-10950.0
-12116.0
-11565.0
-11071.0
-11984.0
-12321.0
-10368.0
-8828.0
-12223.0
-15186.0
-11760.0
-12221.0
-12027.0
-14906.0
-11151.0
-10710.0
-13820.0
-10096.0
-11119.0
-12766.0
-11148.0
-10874.0
-11109.0
-9468.0
-9325.0
-10080.0
-9929.0
-10086.0
-10074.0
-9922.0
-8365.0
-8449.0
-8176.0
-10006.0
-9397.0
-9205.0
-10083.0
-9596.0
-8802.0
-8109.0
-9156.0
-9474.0
-8796.0
-7977.0
-8652.0
-8694.0
-8485.0
-8748.0
-7945.0
-8024.0
-7887.0
-7769.0
-7671.0
-7856.0
-8407.0
-8018.0
-7669.0
-8709.0
-7427.0
-8747.0
-7469.0
-7966.0
-7968.0
-7024.0
-7344.0
-7151.0
-18391.0
-10333.0
-8170.0
-8692.0
-7473.0
-6832.0
-7551.0
-7358.0
-8186.0
-7227.0
-7485.0
-6733.0
-7826.0
-7087.0
-7064.0
-6655.0
-7112.0
-6920.0
-6820.0
-6847.0
-6551.0
-5534.0
-6835.0
-6476.0
-7492.0
-6998.0
-6182.0
-6762.0
-6400.0
-5985.0
-6700.0
-6783.0
-6383.0
-5649.0
-6574.0
-6763.0
-6833.0
-6204.0
-6252.0
-6591.0
-6170.0
-5770.0
-6481.0
-6104.0
-6096.0
-5846.0
-7389.0
-6074.0
-6069.0
-6676.0
-5880.0
-6807.0
-5975.0
-6131.0
-6367.0
-6108.0
-6263.0
-6482.0
-6200.0
-6415.0
-5654.0
-6202.0
-6080.0
-6030.0
-6362.0
-6303.0
-6155.0
-5868.0
-6241.0
-5934.0
-5917.0
-5869.0
-5645.0
-6252.0
-6252.0
-6111.0
-6124.0
-6147.0
-6568.0
-5956.0
-5974.0
-5835.0
-5916.0
-5565.0
-6025.0
-5886.0
-5568.0
-6263.0
-5775.0
-6060.0
-5753.0
-5870.0
-5646.0
-6004.0
-5899.0
-6227.0
-6555.0
-6183.0
-5788.0
-5479.0
-6677.0
-5448.0
-5826.0
-5916.0
-5445.0
-5767.0
-5615.0
-6165.0
-5774.0
-5360.0
-5658.0
-5791.0
-5443.0
-5389.0
-5719.0
-5547.0
-5217.0
-5583.0
-5354.0
-5213.0
-5395.0
-5145.0
-5254.0
-5286.0
-5674.0
-5598.0
-5185.0
-4897.0
-5347.0
-5085.0
-5303.0
-5357.0
-5725.0
-5334.0
-4983.0
-5499.0
-5140.0
-5453.0
-5223.0
-5182.0
-5145.0
-5422.0
-5098.0
-5503.0
-5551.0
-5321.0
-5668.0
-5355.0
-5574.0
-5336.0
-5474.0
-4914.0
-5062.0
-5153.0
-5502.0
-5562.0
-5280.0
-5404.0
-5324.0
-5094.0
-5393.0
-5251.0
-5195.0
-5314.0
-5108.0
-5104.0
-5728.0
-5305.0
-5625.0
-5234.0
-5800.0
-5164.0
-5193.0
-5561.0
-5117.0
-5199.0
-4878.0
-5153.0
-5173.0
-5558.0
-5633.0
-5399.0
-5381.0
-5500.0
-5420.0
-5564.0
-5576.0
-5252.0
-5327.0
-5200.0
-5375.0
-5537.0
-5396.0
-5351.0
-5310.0
-5381.0
-5070.0
-5507.0
-5277.0
-5301.0
-5542.0
-5241.0
-5376.0
-4996.0
-4888.0
-5110.0
-5141.0
-5033.0
-4965.0
-5306.0
-4953.0
-5580.0
-4992.0
-4866.0
-4903.0
-5053.0
-5108.0
-6022.0
-5123.0
-5087.0
-4957.0
-5150.0
-4893.0
-5678.0
-5351.0
-5100.0
-5769.0
-5367.0
-5527.0
-5161.0
-5341.0
-5361.0
-4796.0
-5386.0
-5069.0
-5708.0
-5303.0
-5041.0
-5282.0
-5077.0
-5420.0
-4958.0
-5034.0
-5324.0
-5022.0
-5128.0
-5196.0
-4933.0
-6119.0
-5213.0
-5380.0
-5352.0
-5213.0
-5277.0
-5082.0
-5265.0
-5275.0
-4936.0
-5326.0
-5158.0
-5032.0
-5391.0
-5644.0
-4920.0
-5379.0
-5589.0
-5159.0
-4693.0
-5318.0
-5352.0
-5780.0
-5213.0
-5581.0
-5446.0
-5150.0
-5171.0
-5258.0
-5010.0
-5281.0
-4941.0
-5280.0
-4968.0
-5078.0
-5278.0
-5586.0
-5170.0
-5323.0
-5444.0
-5089.0
-5196.0
-5354.0
-5212.0
-5424.0
-5088.0
-5297.0
-4974.0
-5078.0
-4998.0
-5083.0
-4898.0
-5266.0
-5179.0
-4911.0
-5008.0
-5486.0
-4943.0
-4813.0
-5022.0
-4717.0
-5131.0
-4932.0
-4871.0
-5101.0
-4963.0
-5177.0
-4996.0
-4915.0
-4821.0
-4759.0
-4863.0
-4930.0
-4821.0
-5077.0
-4721.0
-4986.0
-4813.0
-4735.0
-4954.0
-5092.0
-4632.0
-5239.0
-4839.0
-4900.0
-4933.0
-4886.0
-4651.0
-4875.0
-5090.0
-4762.0
-4892.0
-4804.0
-5091.0
-4833.0
-4978.0
-4758.0
-4962.0
-4876.0
-4730.0
-4900.0
