425.4942753420832
353.4991132505701
389.25178277564453
265.2655
394.86933752291174
413.7560639470783
440.5541596873255
473.798595505618
416.1979764834564
404.9868843683083
490.9095851216023
300.0534574468085
373.16374589266155
305.177879714577
329.83572359843544
301.1683937823834
276.1658708218145
273.6113056528264
193.63306653326663
265.5775775775776
258.90125
281.73136214303764
288.26461693548384
240.88375
282.24123139036084
211.7465
338.3067515923567
214.304
193.124
208.5641410352588
222.5076575445644
284.43753200204816
226.80670167541885
208.9824912456228
199.7662141779789
235.0994738160862
173.75438157235854
197.12928232058013
184.21275
224.21927409261576
214.99269889224573
202.5784288961859
206.16011024805812
209.68275
197.71402969790066
208.56575
184.78139069534768
235.10990673052686
196.95961934156378
189.28708860759494
210.22644415917844
203.45679012345678
192.62579013906446
220.6698807409287
242.57993152488808
217.78458753555728
222.9837067209776
228.36018471010775
220.20306413918462
217.35383011985408
213.25403632694247
233.46030900372935
243.76224516812286
198.89602772593975
209.29232804232805
221.89337252805987
216.87607393907837
212.13814377682402
258.6237387148168
245.48252688172042
212.18323901913232
197.89140963548306
222.41680814940577
267.8353808353808
212.63510848126234
242.06833838523008
225.5913834626706
245.10527770102237
236.21713201409597
201.6769061985738
237.35673469387754
207.76341395607452
234.45654565456545
214.04781420765028
213.82813402657425
183.60958520179372
233.43661154627213
263.91796246648795
199.79145728643215
194.48159424301136
252.93181193291173
186.87320644216692
290.99800342270396
209.41689522764673
233.28626066490145
224.98190045248867
280.677368086459
195.68370786516854
222.8870119080587
202.80169816488635
202.17223650385603
233.7487881380097
191.89906878942625
205.387675740353
251.5335898194732
260.34241019698726
249.95910894110466
280.75731850117097
247.68665710186514
243.82615068894754
310.46149199637574
206.88975356679637
287.3398354160317
221.78836140888208
224.48880145278451
281.126511353583
250.3336247086247
267.34104938271605
266.32507836990595
300.15073655361425
315.90540989047463
290.6507882111035
278.28749241044324
367.55412460842325
388.49071038251367
322.55102040816325
333.88259878419456
350.75867768595043
351.3775265501884
422.23022709475333
362.2990492653414
297.1154865581219
325.0799512987013
310.55150133029264
247.5687748783724
295.78003533568904
350.9228782287823
314.85471100554236
312.6971450617284
335.53241895261846
294.6160267111853
339.9420798595875
376.46611341632087
366.8601108033241
346.8208020050125
315.8091029606717
335.6241496598639
329.06113902847574
305.62747688243064
299.3695760598504
354.70420560747664
237.35237613751264
355.57782805429866
273.9507785032647
258.018544935806
234.01394422310756
266.91064257028114
300.0233523611832
287.8096473029046
274.3521276595745
278.0228741919443
351.42771385692845
212.34973544973545
228.14227642276424
313.06536636794937
255.7304625199362
244.79730521382544
185.54606278950078
347.2400619514714
145.89043381535038
259.98767258382645
336.34835164835164
224.3074168797954
263.7044989775051
150.9274279615795
212.11777902411666
292.6726964386659
189.0068169900367
251.80199579831933
293.5304393859185
221.7365470852018
269.2687664041995
201.11187335092347
235.14478311840563
160.99831365935918
193.41608202914193
123.39611536197764
161.07739082365947
219.52733118971062
191.8477661334804
220.5423634336678
195.74715261958997
185.68119266055047
122.15005599104143
137.69907658881044
198.48133918770583
218.45449241540257
170.5805109922757
119.54123112659698
183.3663086489542
122.60795787009947
212.34236725663717
118.99596541786744
162.07292817679559
118.8669309173273
177.85459610027854
124.30281690140845
147.8863764838892
145.43260741612713
120.11918604651163
118.50578034682081
167.3375796178344
118.63558352402745
126.49125
176.53755605381167
186.54140127388536
119.29415105053947
118.85847408270239
119.4133409350057
120.13575967648758
185.83997689196997
119.25692840646651
118.95291479820628
135.80138169257341
185.75248102743726
130.65562130177514
122.14887307236062
118.94328703703704
167.2657189721159
118.88143435511857
130.38159509202453
188.2336217552534
121.09326113116727
121.0369284876905
148.5561694290976
123.07845503922752
120.99940968122786
138.60771513353114
134.72678888231815
118.74914285714286
119.41040462427746
119.0
125.35859728506787
123.47575199508901
118.90956826137689
120.54455445544555
124.05684596577017
135.70127610208817
121.56286721504112
121.86347517730496
118.71353251318102
120.89899586532782
119.10634648370497
119.80427251732101
119.07025495750709
118.95597484276729
124.11003627569528
118.56514285714286
118.7966002344666
118.7715976331361
118.69127906976745
118.70281124497993
120.20262216924911
124.75297619047619
122.40347610180012
127.93160813308688
121.15158501440922
120.99122293739029
126.12871927554981
126.72211838006231
118.33333333333333
119.81979405034325
119.39078498293516
119.699538638985
118.37671232876713
121.46465816917728
120.18330414477525
119.85663507109005
118.3714953271028
122.71186440677967
123.8187274909964
123.21599045346062
124.18590882178805
125.41395908543923
119.38559814169571
128.093107617896
125.30378973105134
121.876269035533
124.14493670886075
126.93875075803517
118.71070615034168
122.5186119873817
122.82850384387936
126.12676923076923
118.35433070866142
118.93964016250726
120.8982850384388
120.8822463768116
122.75971731448763
123.15402567094516
122.38179669030733
125.45011876484561
122.90253987005316
122.00779844031194
119.1196388261851
120.46589595375723
122.17938264414677
124.85440383463151
120.48754448398577
122.27545615067687
127.23706377858002
118.70813953488373
118.75479372457873
133.80979284369116
119.01759364358684
123.99592074592074
118.87703537338574
128.13204005006259
121.87787610619469
124.1795646916566
121.60915492957747
119.36176302232398
118.39105504587155
123.62901307966706
123.94447725930301
118.96581691772886
119.28397212543554
121.57535046728972
118.76664702416028
119.9006968641115
118.3970080552359
119.84877771461058
120.52532391048292
120.51912889935257
121.00239091452481
122.11084481725584
121.55681142177275
118.72306791569086
129.0
118.74826388888889
118.58881770529995
118.99827089337175
121.02447552447552
121.72765957446809
119.97731239092495
123.71959257040143
119.81525625744935
119.13174695298898
118.22922636103152
121.31313737252549
121.28444707273802
121.1732702542874
119.49683362118596
122.8033877797943
118.98003422703935
124.1468110709988
125.18775995246584
123.6593471810089
118.63542857142858
118.40898748577929
120.8521377672209
118.24597701149425
119.40184757505774
120.39021549213744
118.93717875499715
123.67143709004174
126.48855905998764
123.90553549939831
124.70346447445684
118.42524161455373
118.69707401032703
125.34241245136187
127.07349397590362
122.86584651435267
121.02205005959476
118.79617834394904
122.89879518072289
118.3863508178229
119.26662876634451
122.05851375073142
118.8267211201867
120.02374059061957
121.99359347699476
122.85966981132076
122.81213535589265
122.85153892576946
119.88336293664891
121.74389517569982
123.11318482841662
118.85254534815682
118.51533742331289
126.27390499691549
119.73744706594071
119.62066940692895
119.14382785956965
120.94211458948612
118.95758280069727
120.41300627495721
118.6238425925926
121.79373848987109
121.50890736342043
118.88110653325485
125.12420785804817
118.68231884057971
122.4739336492891
124.64195056780227
120.38882421420256
120.14392630972942
120.46632124352331
118.32611241217799
122.20266990291262
121.99466192170819
121.09964412811388
124.02675159235669
118.30631152287204
127.45576571079927
120.71925614877024
121.2111506524318
119.26470588235294
120.14801864801865
119.22719349215572
118.60691642651297
119.5910138248848
119.42340305257207
119.47632794457274
119.23876240513718
128.60380835380835
120.5616996507567
119.8225335668418
119.88817705299942
121.05838150289017
121.93702177751618
119.88673341677097
121.38214959145192
118.76118535735037
120.23351158645276
123.01282834453268
118.74562427071179
118.51644547028275
124.93490390576565
122.48113207547169
120.49537572254336
119.41861826697892
121.71682464454976
131.11295273173727
118.84068195179306
118.98287671232876
134.46791767554478
124.1625708884688
122.60872093023256
121.39760479041917
