242.97793912314995
175.4783379782113
211.02852441031268
114.96475
210.47630269704112
229.56339581036383
251.19207146845338
281.73595505617976
233.53732567678426
221.42103854389723
283.6723891273248
142.79414893617022
208.24315443592553
142.4230377166157
165.03181225554107
142.69274611398964
121.090977632571
117.36368184092046
60.618809404702354
112.93743743743744
105.107
125.35456153651756
128.94228830645162
92.893
122.76532929598788
74.359
173.80229299363057
76.26125
60.652
73.08377094273568
83.48179763996987
132.30184331797236
86.36009002250563
75.06253126563281
67.01131221719457
90.26208970182911
46.49298948422634
63.60765191297824
56.0845
89.41151439299124
82.93353474320242
71.70522859307906
69.12027060886996
74.05925
68.70558115719406
77.02625
55.89694847423712
93.32770355432316
67.93569958847736
60.48430379746836
79.27188703465983
72.7538422776518
64.63008849557522
81.49352956102513
108.96576244403477
86.60718903542798
85.78691446028513
94.7108773730118
89.5146715138925
87.24439812402292
83.77800201816348
99.73441662226958
108.1347630394493
69.06771527592642
79.11084656084657
91.34981293425976
84.91720906014059
81.82001072961373
119.61497610196496
103.20698924731182
82.12772837510106
69.39943920469028
88.02744765138652
127.82446082446083
82.8123415046492
104.38605676494902
94.92908750334493
105.72478585244542
98.99891569531039
72.97805814591332
100.37251700680272
76.21795941061995
95.93784378437844
79.22377049180328
81.5051993067591
53.39153587443946
99.39686684073106
123.77801608579088
70.14042434394193
63.56628840298921
111.04646686829805
56.69106881405564
133.5499144324016
78.2473944048272
93.06854957340394
90.98868778280543
130.90813731722824
64.71067415730337
87.31847133757962
72.83703095042453
70.12596401028277
96.59509552323924
60.68879543406428
74.70565360454681
109.05474992601361
116.7303012746234
107.17851693622215
130.70374707259953
106.21606886657102
98.43301084725887
154.5548172757475
76.24156939040208
137.1420298689424
85.47350689127106
80.35926150121065
131.72338543202596
110.1745337995338
123.26574074074074
120.52194357366771
152.6276121959575
159.08795220710255
152.39239204934887
126.41044323011536
215.42116254785938
222.49289617486338
180.77368804664724
191.43351063829786
207.7797520661157
194.07194244604315
277.1413469068128
224.9580812445981
156.20333207118514
193.16396103896105
170.8456860509312
115.26758071649712
160.35998233215548
204.3907749077491
172.11797307996832
164.94753086419752
187.5137157107232
160.3660267111853
205.46643264589733
245.26970954356847
226.94644506001848
206.10526315789474
187.36235086168801
199.6156462585034
192.9212730318258
171.28841919859093
170.9496259351621
225.4929906542056
109.68250758341759
225.83484162895928
149.81416373681566
131.46647646219685
111.80328685258964
142.7449799196787
178.99792423456148
156.91078838174275
149.40425531914894
155.42565887618102
225.13406703351677
91.92804232804232
102.56794425087108
187.4760147601476
132.38968633705477
118.93848857644991
63.55532681420484
219.4873515745999
25.0817575083426
139.25542406311638
213.1587912087912
103.08644501278772
142.96267893660533
31.820704375667024
91.73864273696017
170.95081967213116
69.27897220765601
129.8172268907563
172.35468501852833
100.56670403587444
147.550656167979
80.21002638522427
111.31946072684643
39.275435637998875
73.55639503507825
2.9323131253678634
40.733001658374796
99.04823151125402
71.18863761720904
100.68784838350055
75.7750569476082
65.66685779816514
3.458006718924972
18.618685497012493
78.87650933040615
97.64585764294048
44.56030897207368
0.9657375145180023
63.540983606557376
2.024575775307197
92.22179203539822
0.14466858789625361
43.00386740331492
0.22140430351075877
58.266295264623956
2.7629107981220655
28.687394007914076
22.735138316656858
0.9447674418604651
0.1138728323699422
47.269253039953675
0.2963386727688787
5.315
58.01345291479821
64.2605674580197
0.845542305508234
0.17181129877693652
0.3580387685290764
0.7827845176198729
66.35701906412478
0.4237875288683603
0.24327354260089687
16.860103626943005
65.14769410391126
9.475147928994083
2.145314353499407
0.3113425925925926
48.58009841443412
0.25043377674956624
6.91840490797546
65.32138442521632
1.3537906137184115
1.358147713950762
27.2744014732965
2.1611345805672904
1.9327036599763872
16.820771513353115
15.868716735659373
0.14285714285714285
0.5393063583815029
0.3052391799544419
7.120475113122172
2.445058317986495
0.15402567094515754
1.4164239953407105
3.2646699266503667
16.54060324825986
1.8102232667450058
2.0443262411347516
0.15934387814879905
1.2510336680448908
0.14694110920526016
0.5409930715935335
0.3212464589235127
0.22469982847341338
3.1620314389359128
0.17885714285714285
0.14947245017584995
0.17810650887573964
0.14825581395348839
0.3557085484796328
0.9225268176400476
3.0279761904761906
2.368715083798883
4.891558841651263
1.6847262247838617
1.8279695728496197
3.9896507115135833
5.442367601246106
0.140893470790378
0.7986270022883295
0.5045506257110353
0.6430219146482122
0.1324200913242009
1.5805330243337197
1.0805604203152364
0.7351895734597157
0.16880841121495327
2.187046004842615
3.0756302521008405
2.91527446300716
3.6631142687981053
3.6690734055354994
0.3153310104529617
4.802902055622733
4.2035452322738385
2.155456852791878
2.849367088607595
4.368708308065494
0.2061503416856492
2.0712933753943217
2.5239503252513305
4.913846153846154
0.05174353205849269
0.6128845037724898
1.0774689532820816
1.2632850241545894
2.4593639575971733
2.649941656942824
2.1069739952718676
3.709619952494062
2.167158889545186
1.7972405518896222
0.21670428893905191
1.2196531791907514
2.0902737332556787
3.161174355901738
1.3143534994068802
1.8434373160682755
5.194945848375451
0.20290697674418604
0.17954677513073794
8.903327055869429
0.18898978433598185
2.8286713286713288
0.19932622122403143
5.061952440550688
1.8542772861356933
3.3083434099153566
1.8855633802816902
0.8019461934745278
0.08772935779816514
2.765755053507729
3.0330773774365034
0.24391657010428738
0.5371660859465738
1.1343457943925233
0.23512080141426045
0.775842044134727
0.1432681242807825
0.5679363274587834
1.127208480565371
0.6144791053560918
1.28750747160789
1.9622528460155781
1.5246876859012493
0.12177985948477751
5.41840490797546
0.2065972222222222
0.27722772277227725
0.2132564841498559
1.3368298368298368
1.8224924012158055
0.7562536358347877
2.7106051527860995
0.6287246722288439
0.21125943122460825
0.09742120343839542
1.557888422315537
1.2844470727380248
1.6043761088113542
0.5549798503166379
2.3593466424682394
0.17170564746149458
2.917569193742479
3.8627450980392157
2.365578635014837
0.08571428571428572
0.14448236632536973
1.2891923990498813
0.12586206896551724
0.30196304849884525
1.0320326150262085
0.2826956025128498
2.5688729874776386
4.5602968460111315
2.239470517448857
3.4310041103934235
0.18646958499147243
0.19506597819850832
2.959792477302205
4.687951807228916
2.6104276508494433
1.568533969010727
0.20613781123335265
2.2289156626506026
0.16356457980823463
0.37976122797043776
1.7840842598010533
0.22870478413068845
0.5495078170237406
1.5177635410599883
2.2794811320754715
2.535005834305718
2.668074834037417
1.0313795145056246
2.248362120309708
2.325105358217941
0.211234640140433
0.12214166201896264
5.32140653917335
0.8306110102843315
0.5425719318849089
0.2015855039637599
1.3419964559952746
0.19755955839628123
1.250998288648032
0.16377314814814814
1.828729281767956
1.5510688836104514
0.15656268393172454
3.305449936628644
0.1628985507246377
2.620260663507109
3.623246492985972
1.0855646100116414
0.7938975244674726
1.0379965457685665
0.14402810304449648
1.9271844660194175
2.0255041518386716
1.5201660735468565
2.8636942675159234
0.13665315576143602
5.771201952410006
1.2159568086382724
1.5504151838671412
0.34647058823529414
0.87995337995338
0.4799535153980244
0.1809798270893372
0.6042626728110599
0.3719615602035048
0.43013856812933027
0.4284880326911851
6.423832923832924
1.2834691501746216
0.7641564506713369
0.8806057076295865
1.853757225433526
1.675691583284285
0.690863579474343
1.768698931489629
0.2969203951191168
1.0172311348781937
2.1649358582773366
0.35822637106184363
0.16560877091748413
4.060756354618723
1.880306603773585
0.9947976878612717
0.5111241217798594
2.0041469194312795
6.500306936771025
0.17048794826572605
0.341324200913242
9.03450363196126
2.913673597983617
1.9337209302325582
1.8982035928143712
