305.9952606635071
197.2654028436019
268.8483412322275
129.7772511848341
247.96208530805688
291.0379146919431
323.22748815165875
348.1658767772512
295.1184834123223
272.60663507109007
370.02843601895734
178.50710900473933
271.78199052132703
162.15165876777252
201.86729857819904
174.20853080568722
135.37440758293837
131.87203791469193
69.27014218009478
126.03317535545024
117.44549763033176
141.9431279620853
145.50236966824644
105.04739336492891
139.30805687203792
84.04265402843602
204.86729857819904
86.52132701421802
69.34597156398104
82.75829383886256
96.87203791469194
154.9383886255924
97.77251184834124
85.81042654028435
77.7914691943128
101.70616113744076
53.72985781990521
73.00473933649289
64.73459715639811
101.80568720379146
99.60663507109005
88.70616113744076
79.66824644549763
84.67772511848341
100.49763033175356
87.74881516587678
64.54028436018957
109.28909952606635
101.59241706161137
79.07582938388626
111.09478672985782
87.739336492891
81.54502369668246
103.14691943127963
166.53080568720378
125.59241706161137
110.93364928909952
126.12322274881517
137.41232227488152
152.7440758293839
101.29383886255924
189.93364928909952
197.27014218009478
158.51184834123222
145.53554502369667
181.6350710900474
145.88151658767774
190.14691943127963
192.77251184834122
196.91469194312796
173.59715639810426
91.69668246445498
206.72985781990522
218.9431279620853
257.53554502369667
236.8009478672986
185.11374407582937
247.62559241706163
205.23696682464455
217.65876777251185
242.9383886255924
234.10900473933648
224.8436018957346
218.00947867298578
257.71090047393363
260.6919431279621
275.7345971563981
209.30331753554503
209.83412322274881
230.7440758293839
247.218009478673
264.49763033175356
337.29857819905214
228.79146919431278
318.3696682464455
284.7156398104265
420.65876777251185
262.1137440758294
233.2132701421801
217.65402843601896
236.40758293838863
294.45497630331755
332.4407582938389
291.7345971563981
293.23222748815164
331.61137440758296
373.86729857819904
320.8815165876777
283.06635071090045
339.6445497630332
379.3601895734597
377.3175355450237
337.06161137440756
334.2843601895735
357.2085308056872
391.23222748815164
314.6445497630332
364.71090047393363
398.6398104265403
472.06161137440756
443.4881516587678
478.9668246445498
375.54502369668245
480.14218009478674
562.218009478673
503.4123222748815
525.3696682464455
554.7014218009479
502.0521327014218
518.0616113744076
574.0805687203791
505.70616113744074
524.2938388625593
503.92417061611377
577.0710900473933
568.5592417061612
520.3744075829384
550.9810426540284
512.7582938388625
558.696682464455
579.9194312796209
585.0521327014218
617.6303317535545
618.8530805687204
575.8672985781991
584.0047393364929
537.2701421800948
577.6635071090047
600.7488151658767
609.1563981042653
586.9052132701422
616.8293838862559
571.2985781990521
622.6445497630332
605.3981042654028
617.7203791469194
593.4549763033175
630.3981042654028
644.260663507109
599.1469194312796
624.4075829383886
604.0
597.127962085308
615.4644549763033
622.7677725118483
644.4028436018957
642.7582938388625
633.9336492890995
625.5165876777252
588.5876777251185
601.1706161137441
629.6350710900474
627.2227488151659
593.6161137440758
630.5023696682465
579.0568720379147
589.9431279620853
589.9478672985782
617.8862559241707
597.3412322274881
632.1706161137441
638.6919431279621
604.824644549763
635.3933649289099
649.872037914692
625.0568720379147
555.0758293838862
564.9004739336493
626.0094786729858
613.0947867298578
620.9383886255924
634.0094786729858
567.3981042654028
538.3175355450237
615.9194312796209
596.5497630331754
630.7725118483412
655.3317535545024
541.1137440758293
578.0094786729858
589.5829383886256
621.781990521327
551.2274881516588
540.431279620853
552.8625592417062
546.4170616113744
587.2369668246446
610.5213270142181
656.3127962085308
556.1706161137441
546.9194312796209
598.957345971564
579.824644549763
574.5971563981043
586.9810426540284
649.4265402843602
542.654028436019
595.5213270142181
546.127962085308
596.6303317535545
530.8483412322275
566.7772511848341
581.6919431279621
535.9194312796209
626.8815165876778
607.9336492890995
562.9431279620853
550.5071090047394
595.1943127962086
580.4265402843602
571.0047393364929
569.6824644549763
600.696682464455
543.1469194312796
620.3744075829384
556.2985781990521
531.3933649289099
571.3601895734597
556.3412322274881
555.8009478672985
544.0663507109005
547.4502369668246
584.872037914692
587.9620853080569
577.781990521327
535.5639810426541
571.0284360189573
545.4502369668246
648.175355450237
577.3601895734597
541.4454976303317
641.8104265402843
582.4360189573459
516.2322274881517
561.781990521327
558.5497630331754
586.4075829383886
558.8578199052133
557.7962085308056
584.0568720379147
549.473933649289
536.1090047393365
555.6066350710901
598.4834123222748
612.8483412322275
606.5876777251185
554.654028436019
579.0189573459716
550.0805687203791
575.9810426540284
545.4407582938388
545.1800947867299
621.4597156398104
553.3175355450237
547.0805687203791
547.4170616113744
553.6492890995261
599.2132701421801
588.0995260663507
635.781990521327
616.0
609.2369668246446
598.8483412322275
593.3649289099526
616.9099526066351
608.6729857819905
572.3270142180095
604.7630331753554
607.0189573459716
553.6729857819905
596.0663507109005
613.0663507109005
570.4834123222748
572.260663507109
530.0189573459716
547.7203791469194
566.2796208530806
580.1706161137441
551.5213270142181
556.8388625592418
556.8957345971564
589.1516587677725
546.4502369668246
561.2417061611375
605.8341232227489
599.8909952606635
565.4691943127962
629.9431279620853
540.8815165876778
633.6587677725119
613.042654028436
550.1469194312796
568.0331753554502
599.042654028436
570.0995260663507
559.1611374407582
551.7251184834123
624.3270142180095
551.5213270142181
602.2417061611375
557.431279620853
528.8909952606635
558.5876777251185
616.872037914692
565.739336492891
575.1563981042653
543.5734597156398
592.7156398104265
596.4360189573459
521.2274881516588
546.0236966824644
558.2890995260664
604.3364928909953
564.4502369668246
586.9952606635071
605.260663507109
542.6872037914692
539.8388625592418
569.4028436018957
640.1895734597157
632.4218009478673
530.2654028436019
652.5545023696683
649.8009478672985
571.7156398104265
544.5971563981043
562.4407582938388
544.7156398104265
510.5924170616114
565.7772511848341
634.568720379147
553.8056872037914
643.8862559241707
574.6587677725119
588.5023696682465
617.568720379147
595.7582938388625
534.6635071090047
545.4881516587677
577.4881516587677
556.7914691943128
550.0284360189573
609.9810426540284
615.085308056872
553.3696682464455
595.8815165876778
607.5118483412323
629.2369668246446
588.0758293838862
535.7014218009479
554.3554502369668
577.6161137440758
557.1563981042653
553.175355450237
550.7109004739336
539.4407582938388
603.611374407583
552.7630331753554
588.9715639810427
630.9289099526067
543.4928909952606
598.3838862559242
559.824644549763
551.1042654028436
609.6492890995261
541.5497630331754
592.8199052132701
605.1943127962086
552.2322274881517
605.4644549763033
537.5829383886256
606.3270142180095
597.6682464454976
593.3270142180095
600.6350710900474
551.085308056872
550.8815165876778
530.0947867298578
578.3744075829384
593.6824644549763
554.3649289099526
529.0947867298578
567.3222748815166
532.1469194312796
553.7440758293839
632.0142180094787
536.3981042654028
631.6872037914692
548.9241706161138
585.7488151658767
547.4834123222748
556.0710900473933
582.2748815165877
576.6066350710901
528.7298578199052
649.4928909952606
610.3791469194313
647.3649289099526
591.6777251184834
595.2890995260664
549.1421800947867
546.3317535545024
594.2511848341233
553.7867298578199
577.3696682464455
586.8009478672985
567.4075829383886
559.696682464455
576.127962085308
523.4928909952606
578.0189573459716
540.260663507109
563.4644549763033
565.5402843601896
592.5781990521327
647.6777251184834
601.9336492890995
636.8862559241707
579.7488151658767
549.8578199052133
569.345971563981
536.6682464454976
594.218009478673
641.2701421800948
555.6824644549763
564.1800947867299
539.5402843601896
600.3933649289099
631.127962085308
645.6018957345972
653.4597156398104
