-64565.0
-41623.0
-56727.0
-27383.0
-52320.0
-61409.0
-68201.0
-73463.0
-62270.0
-57520.0
-78076.0
-37665.0
-57346.0
-34214.0
-42594.0
-36758.0
-28564.0
-27825.0
-14616.0
-26593.0
-24781.0
-29950.0
-30701.0
-22165.0
-29394.0
-17733.0
-43227.0
-18256.0
-14632.0
-17462.0
-20440.0
-32692.0
-20630.0
-18106.0
-16414.0
-21460.0
-11337.0
-15404.0
-13659.0
-21481.0
-21017.0
-18717.0
-16810.0
-17867.0
-21205.0
-18515.0
-13618.0
-23060.0
-21436.0
-16685.0
-23441.0
-18513.0
-17206.0
-21764.0
-35138.0
-26500.0
-23407.0
-26612.0
-28994.0
-32229.0
-21373.0
-40076.0
-41624.0
-33446.0
-30708.0
-38325.0
-30781.0
-40121.0
-40675.0
-41549.0
-36629.0
-19348.0
-43620.0
-46197.0
-54340.0
-49965.0
-39059.0
-52249.0
-43305.0
-45926.0
-51260.0
-49397.0
-47442.0
-46000.0
-54377.0
-55006.0
-58180.0
-44163.0
-44275.0
-48687.0
-52163.0
-55809.0
-71170.0
-48275.0
-67176.0
-60075.0
-88759.0
-55306.0
-49208.0
-45925.0
-49882.0
-62130.0
-70145.0
-61556.0
-61872.0
-69970.0
-78886.0
-67706.0
-59727.0
-71665.0
-80045.0
-79614.0
-71120.0
-70534.0
-75371.0
-82550.0
-66390.0
-76954.0
-84113.0
-99605.0
-93576.0
-101062.0
-79240.0
-101310.0
-118628.0
-106220.0
-110853.0
-117042.0
-105933.0
-109311.0
-121131.0
-106704.0
-110626.0
-106328.0
-121762.0
-119966.0
-109799.0
-116257.0
-108192.0
-117885.0
-122363.0
-123446.0
-130320.0
-130578.0
-121508.0
-123225.0
-113364.0
-121887.0
-126758.0
-128532.0
-123837.0
-130151.0
-120544.0
-131378.0
-127739.0
-130339.0
-125219.0
-133014.0
-135939.0
-126420.0
-131750.0
-127444.0
-125994.0
-129863.0
-131404.0
-135969.0
-135622.0
-133760.0
-131984.0
-124192.0
-126847.0
-132853.0
-132344.0
-125253.0
-133036.0
-122181.0
-124478.0
-124479.0
-130374.0
-126039.0
-133388.0
-134764.0
-127618.0
-134068.0
-137123.0
-131887.0
-117121.0
-119194.0
-132088.0
-129363.0
-131018.0
-133776.0
-119721.0
-113585.0
-129959.0
-125872.0
-133093.0
-138275.0
-114175.0
-121960.0
-124402.0
-131196.0
-116309.0
-114031.0
-116654.0
-115294.0
-123907.0
-128820.0
-138482.0
-117352.0
-115400.0
-126380.0
-122343.0
-121240.0
-123853.0
-137029.0
-114500.0
-125655.0
-115233.0
-125889.0
-112009.0
-119590.0
-122737.0
-113079.0
-132272.0
-128274.0
-118781.0
-116157.0
-125586.0
-122470.0
-120482.0
-120203.0
-126747.0
-114604.0
-130899.0
-117379.0
-112124.0
-120557.0
-117388.0
-117274.0
-114798.0
-115512.0
-123408.0
-124060.0
-121912.0
-113004.0
-120487.0
-115090.0
-136765.0
-121823.0
-114245.0
-135422.0
-122894.0
-108925.0
-118536.0
-117854.0
-123732.0
-117919.0
-117695.0
-123236.0
-115939.0
-113119.0
-117233.0
-126280.0
-129311.0
-127990.0
-117032.0
-122173.0
-116067.0
-121532.0
-115088.0
-115033.0
-131128.0
-116750.0
-115434.0
-115505.0
-116820.0
-126434.0
-124089.0
-134150.0
-129976.0
-128549.0
-126357.0
-125200.0
-130168.0
-128430.0
-120761.0
-127605.0
-128081.0
-116825.0
-125770.0
-129357.0
-120372.0
-120747.0
-111834.0
-115569.0
-119485.0
-122416.0
-116371.0
-117493.0
-117505.0
-124311.0
-115301.0
-118422.0
-127831.0
-126577.0
-119314.0
-132918.0
-114126.0
-133702.0
-129352.0
-116081.0
-119855.0
-126398.0
-120291.0
-117983.0
-116414.0
-131733.0
-116371.0
-127073.0
-117618.0
-111596.0
-117862.0
-130160.0
-119371.0
-121358.0
-114694.0
-125063.0
-125848.0
-109979.0
-115211.0
-117799.0
-127515.0
-119099.0
-123856.0
-127710.0
-114507.0
-113906.0
-120144.0
-135080.0
-133441.0
-111886.0
-137689.0
-137108.0
-120632.0
-114910.0
-118675.0
-114935.0
-107735.0
-119379.0
-133894.0
-116853.0
-135860.0
-121253.0
-124174.0
-130307.0
-125705.0
-112814.0
-115098.0
-121850.0
-117483.0
-116056.0
-128706.0
-129783.0
-116761.0
-125731.0
-128185.0
-132769.0
-124084.0
-113033.0
-116969.0
-121877.0
-117560.0
-116720.0
-116200.0
-113822.0
-127362.0
-116633.0
-124273.0
-133126.0
-114677.0
-126259.0
-118123.0
-116283.0
-128636.0
-114267.0
-125085.0
-127696.0
-116521.0
-127753.0
-113430.0
-127935.0
-126108.0
-125192.0
-126734.0
-116279.0
-116236.0
-111850.0
-122037.0
-125267.0
-116971.0
-111639.0
-119705.0
-112283.0
-116840.0
-133355.0
-113180.0
-133286.0
-115823.0
-123593.0
-115519.0
-117331.0
-122860.0
-121664.0
-111562.0
-137043.0
-128790.0
-136594.0
-124844.0
-125606.0
-115869.0
-115276.0
-125387.0
-116849.0
-121825.0
-123815.0
-119723.0
-118096.0
-121563.0
-110457.0
-121962.0
-113995.0
-118891.0
-119329.0
-125034.0
-136660.0
-127008.0
-134383.0
-122327.0
-116020.0
-120132.0
-113237.0
-125380.0
-135308.0
-117249.0
-119042.0
-113843.0
-126683.0
-133168.0
-136222.0
-137880.0
-125291.0
-113982.0
-129408.0
-137308.0
-127818.0
-119475.0
-122342.0
-119229.0
-123260.0
-117476.0
-123751.0
-125622.0
-126388.0
-121255.0
-134088.0
-124816.0
-117658.0
-123335.0
-117841.0
-119187.0
-122450.0
-117831.0
-127693.0
-113956.0
-123972.0
-117750.0
-124713.0
-130384.0
-123068.0
-122084.0
-117303.0
-127054.0
-114231.0
-133364.0
-125358.0
-128963.0
-115104.0
-117566.0
-125248.0
-125491.0
-123934.0
-131717.0
-125905.0
-131017.0
-127854.0
-121930.0
-119789.0
-122383.0
-126238.0
