356.34321892702434
332.49900426742533
235.74668920822768
231.31615120274915
253.4365122615804
148.19374523264685
185.856394707828
187.38833646869122
172.67623814541622
143.62659713168188
189.20356497029192
137.28520041109968
76.20580145036259
95.48585023791635
200.15011372251706
146.08938120702825
72.31948961721291
116.18977732793522
137.5631407851963
49.864216054013504
68.735
79.37970868910095
66.42606955216412
55.81370342585647
88.0825
56.36975
48.56625
43.27306826706677
47.767
69.22075
58.01925
57.74580935701776
40.69575
62.93898474618655
55.90175
57.730692076228685
41.744372186093045
49.11075
47.3725
54.039387857501254
38.14396400899775
39.81720430107527
42.953238309577394
48.46025
47.3205
43.863
57.393134552743675
51.30220330495744
80.1540824161761
53.91166166166166
37.46023011505753
44.36843421710856
61.10007524454477
46.12211221122112
53.87286860581745
54.725972396486824
47.11400651465798
56.34375
42.09402350587647
46.6484727090636
38.614
76.30125
71.45215189873417
37.69334667333667
70.68345504910602
72.4195
42.540655491618715
43.28160200250313
45.958
42.14217652958877
43.94097048524262
38.14825
38.764735390017556
42.287643821910955
39.51962990747687
42.53963873557451
37.8355
49.335419274092615
36.809357017763325
38.473207547169814
38.326
40.59403956924618
34.28975
36.63325
36.33216695826044
71.07089178356713
37.20210368144252
37.42785696424106
35.5936015996001
36.91197799449863
34.220970970970974
39.008
31.843539115221194
38.80875
32.921937751004016
37.694826293426644
36.28
39.53575
36.551413560170126
39.996
35.53865399049287
46.05202754399388
102.52524491333835
36.61546159619715
38.346846846846844
43.50513655725382
37.497997997998
29.658164541135285
33.675
31.932
31.87625
31.359147869674185
34.04073981504624
38.824
32.44886221555389
86.23026646556059
34.87646911727932
33.75031242189453
30.43075
30.504
28.129032258064516
30.27475
27.75875
26.544613846538365
30.492746373186595
31.1535
28.65875
29.64991247811953
28.928017995501126
30.773172569706105
27.47473736868434
26.19425
27.700275206404804
27.85985985985986
32.00550275137569
25.14178544636159
29.961490372593147
27.899474868717178
23.84875
27.33775
32.72225
26.6765
26.690845422711355
25.867
26.983
26.671667916979246
27.412853213303325
26.246811702925733
26.9495
24.80525
25.07157157157157
27.408102025506377
26.473
26.98425
25.96575
26.613096725818547
25.45575
25.7775
27.638
26.696674168542135
26.435
26.359839959989998
23.54875
27.057764441110276
26.882
26.282320580145036
26.9055
25.97299324831208
27.17875
25.82025
24.84275
26.149787446861716
24.70225
26.2065
23.70667666916729
24.76257192894671
25.120030007501875
24.794948737184296
27.080020005001252
24.20755188797199
26.15775
24.75875
25.494744744744743
23.66825
25.96575
25.550887721930483
22.77225
22.25687843921961
23.509
24.51725
24.1635
22.7895
25.59175
25.40035008752188
24.647
26.00025018764073
28.13471632091977
24.481620405101275
24.52188047011753
26.89725
23.582041020510257
24.73418354588647
29.633041301627035
20.540905679259446
23.210855427713856
26.951237809452362
24.531179564237416
22.558889722430607
23.02326745058794
24.41875
23.5225
21.969484742371186
25.32899674756067
21.536652489367025
22.772943235808953
24.1915
24.2755
23.51287821955489
20.563063063063062
23.28175
21.933466733366682
20.85621405351338
21.669084542271136
22.54
19.959729864932466
20.57914478619655
23.34675
26.10125
20.175043760940234
22.481
21.785553611597102
21.12875
21.701350675337668
21.446723361680842
22.9145
21.445222611305653
21.7344336084021
23.284571142785698
22.705205205205207
20.74825
22.43775
21.73825
21.353088272068018
21.643910977744437
20.90868151113335
22.988494247123562
20.93496748374187
21.213803450862716
21.39825
22.179
22.529882470617654
