538.4961679440187
546.6116642958748
413.15159199774587
407.97279495990836
444.0384196185286
303.3770658530384
343.4024255788313
359.27680730986293
328.5890410958904
303.606258148631
375.5879617669853
295.93653648509763
215.2335583895974
240.36939644377662
384.0149102855699
306.2597402597403
207.41806354766075
265.5956477732793
305.36259064766193
179.90797699424857
205.15325
219.37142139628327
203.06129597197898
187.16754188547137
233.24825
187.91675
177.5565
171.5016254063516
177.40925
205.8565
191.74325
188.44183137353014
169.13025
198.60790197549386
185.996
190.98595787362086
169.2111055527764
178.8215
176.85275
182.8452082288008
165.4598850287428
167.02050512628156
171.68192048012003
176.11975
174.686
171.753
187.40741668754697
181.89809714571857
210.3132838495009
182.77627627627626
164.4552276138069
171.3944472236118
188.8459994983697
172.83219091139884
181.36910732196588
183.12998745294857
175.25808068153344
184.363
168.8884721180295
175.77215823735602
164.5545
209.20625
201.60379746835443
163.47898949474737
200.95467136741374
204.309
169.6299724793595
169.61877346683355
173.217
167.90997993981946
171.1233116558279
165.3135
164.836719337848
168.66433216608303
165.52263065766442
168.90015052684396
163.58825
176.03178973717147
162.479109331999
164.17836477987422
164.54525
166.2619584272477
159.72
162.40925
161.79680079980005
204.79559118236472
162.65439519158528
163.52738184546138
160.57460634841289
162.78244561140286
159.9391891891892
164.8965
157.34066483379155
164.53725
158.19126506024097
163.12621844538864
161.51975
165.56925
161.95921941456092
166.1005
160.57618213660245
172.99158377964804
234.5880432052248
162.60620465349012
163.7972972972973
169.2863943873716
163.00125125125126
154.51687921980496
158.98875
157.03625
156.99925
157.1421052631579
159.1779555111222
164.78275
157.63365841460364
216.73780794369029
160.36234058514628
159.44538865283678
155.19375
155.278
152.66916729182296
155.44175
152.3075
150.99425143714072
155.73711855927965
156.28175
153.6475
154.53013253313327
153.6303424143964
155.6428033157498
152.34042021010507
150.59975
152.67525644233174
152.485985985986
157.18609304652327
149.63890972743187
154.991247811953
152.58964741185295
148.112
152.11225
157.6975
151.19475
151.1910955477739
150.324
151.5015
151.29257314328584
152.25156289072268
150.80845211302827
151.623
149.2365
149.5593093093093
152.06951737934483
151.0145
151.64025
150.53025
151.16920769807547
150.19775
150.35875
152.24775
151.3978494623656
150.84525
150.87671917979495
147.80875
151.5503875968992
151.46975
150.92698174543636
151.56225
150.49987496874218
151.854
150.296
149.28125
150.80070017504377
149.0705
150.63275
147.98299574893724
149.13460095071304
149.45786446611652
149.05851462865718
151.70117529382347
148.40460115028756
150.74875
149.1845
149.77127127127127
147.90825
150.268
149.7896974243561
147.0455
146.3926963481741
147.65775
148.9135
148.3885
146.9845
149.92
149.8547136784196
148.9945
150.6224668501376
152.7335666083479
148.9842460615154
148.73568392098025
151.48
147.85392696348174
149.13128282070517
154.30613266583228
144.7067800850638
147.67333666833417
151.56339084771193
149.16078136739293
146.76244061015254
147.27570678008507
148.89275
147.97075
146.19084542271136
149.80985739304478
145.84913685263948
147.13728432108027
148.6325
148.64475
147.94048512128032
144.77152152152152
147.55075
146.15857928964482
145.09477369342335
145.67333666833417
146.8755
143.87468734367184
144.63715928982245
147.84175
150.66525
144.16204051012753
146.60725
145.96600849787552
145.4165
146.06678339169585
145.66908454227112
147.19625
145.6865932966483
145.90672668167042
147.53663415853964
146.94844844844846
144.91875
146.5555
145.88825
145.55863965991497
145.9119779944986
145.0703027270453
147.19509754877438
145.11955977988995
145.3953488372093
145.6345
146.36925
146.68367091772944
