1
0.98627
0.9727285129
0.959372950417883
0.9462007598086454
0.9332094233764726
0.9203964579935137
0.9077594146252627
0.8952958778624578
0.8830034654594062
0.8708798278786486
0.8589226478418748
0.8471296398870058
0.8354985499313572
0.8240271548407997
0.8127132620048355
0.8015547089175091
0.7905493627640717
0.779695120013321
0.7689899060155381
0.7584316746059447
0.7480184077136051
0.7377481149756973
0.7276188333570809
0.7176286267750881
0.7077755857294661
0.6980578269374005
0.68847349297355
0.6790207519150231
0.6696977969912298
0.6605028462385402
0.651434142159685
0.6424899513878325
0.6336685643552775
0.6249682949666795
0.616387480276787
0.6079244801725867
0.5995776770598171
0.5913454755537858
0.5832263021744323
0.5752186050455773
0.5673208535983015
0.5595315382783969
0.5518491702578344
0.5442722811501943
0.5367994227300021
0.5294291666559192
0.5221601041977334
0.5149908459670985
0.5079200216519703
0.5009462797546886
0.49406828733365676
0.4872847297485656
0.4805943104091178
0.4739957505272006
0.4674877888724621
0.4610691815312432
0.45473870166881925
0.44849513929490636
0.4423373010323873
0.4362640098892126
0.4302741050334337
0.42436644157132464
0.4185398903285503
0.41279333763433934
0.40712568510861985
0.4015358494520785
0.39602276223910143
0.39058536971355856
0.38522263258739137
0.3799335258419665
0.37471703853215627
0.36957217359310973
0.3644979476496763
0.3594933908284462
0.35455754657237165
0.349689471457933
0.3448882350148156
0.34015291954806215
0.33548261996266726
0.3308764435905798
0.32633351002008115
0.32185295092750543
0.3174339099112708
0.313075542328189
0.308777015132023
0.30453750671426033
0.30035620674707353
0.2962323160284362
0.29216504632936574
0.2881536202432635
0.2841972710373235
0.28029524250598103
0.2764467888263739
0.2726511744157878
0.268907673791059
0.26521557142990776
0.26157416163417513
0.2579827483949379
0.2544406452594754
0.2509471752000628
0.24750167048456595
0.24410347254881284
0.24075193187071764
0.2374464078461327
0.2341862686664053
0.23097089119761555
0.22779966086147227
0.22467197151784424
0.22158722534890424
0.21854483274486378
0.21554421219127678
0.21258479015789056
0.20966600098902272
0.20678728679544342
0.20394809734774197
0.20114788997115746
0.19838612944185346
0.19566228788461681
0.19297584467196102
0.19032628632461498
0.18771310641337802
0.18513580546232233
0.18259389085332464
0.18008687673190849
0.1776142839143794
0.17517563979623496
0.17277047826183264
0.17039833959529768
0.16805877039265424
0.16575132347516308
0.1634755578038491
0.16123103839520225
0.15901733623803613
0.1568340282114879
0.15468069700414416
0.15255693103427725
0.15046232437117663
0.14839647665756037
0.14635899303305205
0.14434948405870823
0.14236756564258216
0.1404128589663095
0.13848499041270207
0.13658359149433566
0.13470829878311844
0.1328587538408262
0.13103460315059168
0.12923549804933404
0.1274610946611167
0.12571105383141956
0.12398504106231417
0.1222827264485286
0.1206037846143903
0.11894789465163472
0.11731474005806777
0.1157040086770705
0.11411539263793431
0.11254858829701547
0.11100329617969745
0.10947922092315021
0.10797607121987536
0.10649355976202647
0.10503140318649384
0.10358932202074328
0.10216704062939848
0.10076428716155683
0.09938079349882865
0.09801629520408973
0.09667053147093758
0.0953432450738416
0.09403418231897775
0.09274309299573819
0.09146973032890669
0.0902138509314908
0.08897521475820143
0.08775358505957132
0.08654872833670339
0.08536041429664046
0.08418841580834759
0.08303250885929897
0.0818924725126608
0.08076808886506197
0.07965914300494467
0.07856542297148678
0.07748671971408826
0.07642282705241382
0.07537354163698418
0.07433866291030838
0.07331799306854984
0.07231133702371866
0.071318502366383
0.07033929932889256
0.06937354074910686
0.06842104203462161
0.06748162112748626
0.06655509846940588
0.06564129696742094
0.06474004196005824
0.06385116118394664
0.06297448474089105
0.06210984506539862
0.0612570768926507
0.0604160172269146
0.05958650531038906
0.058768382592477415
0.0579614926994827
0.057165681404718796
0.05638079659903201
0.0556066882617273
0.05484320843189378
0.05409021118012388
0.05334755258062078
0.05261509068368886
0.05189268548860181
0.051180198916843306
0.050477494785715046
0.04978443878230718
0.0491008984378261
0.048426743102274745
0.04776184391948051
0.04710607380246604
0.046459307409158185
0.04582142111843044
0.04519229300647439
0.044571802823495495
0.0439598319707289
0.04335626347777079
0.04276098198022099
0.042173873697632557
0.04159482641176406
0.04102372944513054
0.04046047363984889
0.03990495133677377
0.039357056354919866
0.03881668397116682
0.038283730900242695
0.03775809527498236
0.03723967662685685
0.03672837586677011
0.036224095266119354
0.03572673843811553
0.0352362103193602
0.03475241715167539
0.034275266464182885
0.03380466705562965
0.03334052897695586
0.032882763514102256
0.032431283171053635
0.03198600165311507
0.031546833850417795
