502.8530805687204
425.25118483412325
309.01421800947867
316.0805687203791
310.74407582938386
171.17061611374407
244.45023696682463
237.3791469194313
214.25118483412322
177.5165876777251
216.84834123222748
160.18957345971563
85.5260663507109
107.260663507109
223.55924170616115
165.5165876777251
82.28436018957346
133.17535545023696
153.0995260663507
57.38388625592417
77.93838862559242
89.62085308056872
74.58767772511848
63.691943127962084
97.92417061611374
63.691943127962084
55.55450236966825
49.95260663507109
54.274881516587676
77.89573459715639
65.01895734597156
65.69668246445498
46.639810426540286
70.45497630331754
63.45023696682465
66.27488151658768
47.37914691943128
55.355450236966824
53.81516587677725
62.47867298578199
43.41706161137441
45.48341232227488
48.791469194312796
55.45023696682465
53.985781990521325
50.33175355450237
65.89573459715639
58.69668246445497
116.77251184834124
61.40758293838863
43.09004739336493
51.165876777251185
71.3175355450237
66.260663507109
63.161137440758296
63.28909952606635
54.872037914691944
63.976303317535546
48.63507109004739
53.81990521327014
44.464454976303315
84.47867298578198
90.18009478672985
43.639810426540286
83.18483412322274
80.72985781990522
48.86255924170616
50.54976303317535
52.55450236966825
50.40284360189573
50.279620853080566
43.84834123222749
46.92890995260664
49.0
45.573459715639814
50.25592417061611
43.43601895734597
56.90521327014218
42.758293838862556
47.687203791469194
44.45023696682465
47.355450236966824
40.08056872037915
42.02843601895734
41.76303317535545
80.38862559241706
44.28436018957346
43.317535545023695
40.976303317535546
42.4218009478673
40.199052132701425
44.90521327014218
36.834123222748815
44.654028436018955
40.1042654028436
43.38388625592417
41.99526066350711
45.203791469194314
42.758293838862556
45.644549763033176
41.644549763033176
69.10426540284361
116.92417061611374
41.867298578199055
44.03791469194313
51.09478672985782
43.39810426540284
34.48815165876777
38.85781990521327
36.95734597156398
37.3696682464455
37.40758293838863
39.25592417061611
44.18483412322275
38.175355450236964
102.06161137440758
40.59241706161137
38.74407582938389
35.6303317535545
35.63507109004739
32.93364928909953
35.06161137440758
32.720379146919434
31.70616113744076
35.77725118483412
36.51658767772512
33.834123222748815
34.943127962085306
34.345971563981045
39.018957345971565
32.691943127962084
31.170616113744074
32.89099526066351
33.345971563981045
37.71563981042654
30.099526066350712
35.350710900473935
32.687203791469194
28.644549763033176
32.25592417061611
38.54976303317535
31.654028436018958
31.70616113744076
30.928909952606634
32.052132701421804
31.95734597156398
32.27014218009479
31.104265402843602
31.739336492890995
29.488151658767773
29.781990521327014
32.317535545023695
31.38862559241706
31.85308056872038
30.52132701421801
31.46919431279621
30.345971563981042
30.9478672985782
32.39336492890995
31.649289099526065
31.10900473933649
31.161137440758292
28.24170616113744
32.09004739336493
31.990521327014218
31.099526066350712
32.19431279620853
30.95260663507109
32.24644549763033
30.848341232227487
29.701421800947866
31.24170616113744
29.66350710900474
30.872037914691944
28.436018957345972
29.701421800947866
30.18483412322275
29.781990521327014
32.18483412322275
29.04739336492891
31.18483412322275
29.966824644549764
30.971563981042653
28.203791469194314
30.938388625592417
30.28909952606635
27.677725118483412
27.123222748815166
28.540284360189574
29.194312796208532
29.10900473933649
27.786729857819907
30.554502369668246
30.080568720379148
29.606635071090047
30.990521327014218
32.61611374407583
30.165876777251185
29.48341232227488
31.654028436018958
28.402843601895736
29.9478672985782
35.04739336492891
25.796208530805686
28.28436018957346
32.199052132701425
30.317535545023695
27.085308056872037
27.895734597156398
29.19905213270142
28.161137440758292
26.691943127962084
30.876777251184834
26.507109004739338
27.71563981042654
28.85308056872038
29.123222748815166
28.118483412322274
25.672985781990523
28.29383886255924
26.75829383886256
25.222748815165875
26.43127962085308
27.38862559241706
24.71090047393365
25.156398104265403
28.099526066350712
30.848341232227487
25.05687203791469
27.454976303317537
26.95260663507109
26.270142180094787
26.872037914691944
26.23696682464455
27.582938388625593
26.165876777251185
26.393364928909953
28.165876777251185
27.81042654028436
25.459715639810426
27.33175355450237
26.597156398104264
25.881516587677726
26.161137440758292
26.24170616113744
28.00473933649289
25.75829383886256
25.56872037914692
25.77251184834123
27.01421800947867
27.51658767772512
