-106102.0
-89728.0
-65202.0
-66693.0
-65567.0
-36117.0
-51579.0
-50087.0
-45207.0
-37456.0
-45755.0
-33800.0
-18046.0
-22632.0
-47171.0
-34924.0
-17362.0
-28100.0
-32304.0
-12108.0
-16445.0
-18910.0
-15738.0
-13439.0
-20662.0
-13439.0
-11722.0
-10540.0
-11452.0
-16436.0
-13719.0
-13862.0
-9841.0
-14866.0
-13388.0
-13984.0
-9997.0
-11680.0
-11355.0
-13183.0
-9161.0
-9597.0
-10295.0
-11700.0
-11391.0
-10620.0
-13904.0
-12385.0
-24639.0
-12957.0
-9092.0
-10796.0
-15048.0
-13981.0
-13327.0
-13354.0
-11578.0
-13499.0
-10262.0
-11356.0
-9382.0
-17825.0
-19028.0
-9208.0
-17552.0
-17034.0
-10310.0
-10666.0
-11089.0
-10635.0
-10609.0
-9252.0
-9902.0
-10339.0
-9616.0
-10604.0
-9165.0
-12007.0
-9022.0
-10062.0
-9379.0
-9992.0
-8457.0
-8868.0
-8812.0
-16962.0
-9344.0
-9140.0
-8646.0
-8951.0
-8482.0
-9475.0
-7772.0
-9422.0
-8462.0
-9154.0
-8861.0
-9538.0
-9022.0
-9631.0
-8787.0
-14581.0
-24671.0
-8834.0
-9292.0
-10781.0
-9157.0
-7277.0
-8199.0
-7798.0
-7885.0
-7893.0
-8283.0
-9323.0
-8055.0
-21535.0
-8565.0
-8175.0
-7518.0
-7519.0
-6949.0
-7398.0
-6904.0
-6690.0
-7549.0
-7705.0
-7139.0
-7373.0
-7247.0
-8233.0
-6898.0
-6577.0
-6940.0
-7036.0
-7958.0
-6351.0
-7459.0
-6897.0
-6044.0
-6806.0
-8134.0
-6679.0
-6690.0
-6526.0
-6763.0
-6743.0
-6809.0
-6563.0
-6697.0
-6222.0
-6284.0
-6819.0
-6623.0
-6721.0
-6440.0
-6640.0
-6403.0
-6530.0
-6835.0
-6678.0
-6564.0
-6575.0
-5959.0
-6771.0
-6750.0
-6562.0
-6793.0
-6531.0
-6804.0
-6509.0
-6267.0
-6592.0
-6259.0
-6514.0
-6000.0
-6267.0
-6369.0
-6284.0
-6791.0
-6129.0
-6580.0
-6323.0
-6535.0
-5951.0
-6528.0
-6391.0
-5840.0
-5723.0
-6022.0
-6160.0
-6142.0
-5863.0
-6447.0
-6347.0
-6247.0
-6539.0
-6882.0
-6365.0
-6221.0
-6679.0
-5993.0
-6319.0
-7395.0
-5443.0
-5968.0
-6794.0
-6397.0
-5715.0
-5886.0
-6161.0
-5942.0
-5632.0
-6515.0
-5593.0
-5848.0
-6088.0
-6145.0
-5933.0
-5417.0
-5970.0
-5646.0
-5322.0
-5577.0
-5779.0
-5214.0
-5308.0
-5929.0
-6509.0
-5287.0
-5793.0
-5687.0
-5543.0
-5670.0
-5536.0
-5820.0
-5521.0
-5569.0
-5943.0
-5868.0
-5372.0
-5767.0
-5612.0
-5461.0
-5520.0
-5537.0
-5909.0
-5435.0
-5395.0
-5438.0
-5700.0
-5806.0
